Time,Sx,Sy,Sz,Hx,Hy,Hz
0.0,0.0,0.0,1.0,0.0,0.0,0.0
0.03003003003003003,0.0,-0.03772787294265908,0.9992880503654704,1.2566370614359172,0.0,0.0
0.06006006006006006,0.0,-0.0754020448885068,0.9971532137172463,1.2566370614359172,0.0,0.0
0.09009009009009009,0.0,-0.1129688518053835,0.9935985298508517,1.2566370614359172,0.0,0.0
0.12012012012012012,0.0,-0.15037480228839503,0.9886290602833435,1.2566370614359172,0.0,0.0
0.15015015015015015,0.0,-0.1875666339762455,0.9822518810462124,1.2566370614359172,0.0,0.0
0.18018018018018017,0.0,-0.22449138939155416,0.9744760726098158,1.2566370614359172,0.0,0.0
0.21021021021021022,0.0,-0.2610964913470475,0.9653127069536909,1.2566370614359172,0.0,0.0
0.24024024024024024,0.0,-0.2973298178102558,0.9547748318011537,1.2566370614359172,0.0,0.0
0.2702702702702703,0.0,-0.3331397761201157,0.9428774520406351,1.2566370614359172,0.0,0.0
0.3003003003003003,0.0,-0.3684753764497984,0.9296375083602103,1.2566370614359172,0.0,0.0
0.3303303303303303,0.0,-0.40328630441116364,0.9150738531257393,1.2566370614359172,0.0,0.0
0.36036036036036034,0.0,-0.43752299269745465,0.8992072235369687,1.2566370614359172,0.0,0.0
0.39039039039039036,0.0,-0.4711366916622237,0.8820602120998179,1.2566370614359172,0.0,0.0
0.42042042042042044,0.0,-0.5040795387339916,0.8636572344568922,1.2566370614359172,0.0,0.0
0.45045045045045046,0.0,-0.5363046265677985,0.8440244946220316,1.2566370614359172,0.0,0.0
0.4804804804804805,0.0,-0.5677660698366084,0.8231899476683936,1.2566370614359172,0.0,0.0
0.5105105105105106,0.0,-0.5984190705674624,0.8011832599232065,1.2566370614359172,0.0,0.0
0.5405405405405406,0.0,-0.6282199819293437,0.7780357667258603,1.2566370614359172,0.0,0.0
0.5705705705705706,0.0,-0.6571263703819358,0.7537804278094952,1.2566370614359172,0.0,0.0
0.6006006006006006,0.0,-0.6850970760967721,0.7284517803696116,1.2566370614359172,0.0,0.0
0.6306306306306306,0.0,-0.7120922715647465,0.7020858898865315,1.2566370614359172,0.0,0.0
0.6606606606606606,0.0,-0.7380735183065339,0.6747202987717345,1.2566370614359172,0.0,0.0
0.6906906906906907,0.0,-0.7630038216051706,0.6463939729111874,1.2566370614359172,0.0,0.0
0.7207207207207207,0.0,-0.7868476831828595,0.6171472461817922,1.2566370614359172,0.0,0.0
0.7507507507507507,0.0,-0.8095711517469955,0.5870217630199468,1.2566370614359172,0.0,0.0
0.7807807807807807,0.0,-0.831141871333435,0.556060419124,1.2566370614359172,0.0,0.0
0.8108108108108109,0.0,-0.8515291273781807,0.5243073003750347,1.2566370614359172,0.0,0.0
0.8408408408408409,0.0,-0.8707038904518691,0.49180762006294904,1.2566370614359172,0.0,0.0
0.8708708708708709,0.0,-0.8886388575948007,0.45860765450721624,1.2566370614359172,0.0,0.0
0.9009009009009009,0.0,-0.905308491193642,0.4247546771640006,1.2566370614359172,0.0,0.0
0.9309309309309309,0.0,-0.9206890553444538,0.39029689131344647,1.2566370614359172,0.0,0.0
0.960960960960961,0.0,-0.934758649650263,0.3552833614229905,1.2566370614359172,0.0,0.0
0.990990990990991,0.0,-0.9474972404050548,0.3197639432844305,1.2566370614359172,0.0,0.0
1.021021021021021,0.0,-0.9588866891197799,0.28378921302422494,1.2566370614359172,0.0,0.0
1.0510510510510511,0.0,-0.968910778349766,0.24741039508810753,1.2566370614359172,0.0,0.0
1.0810810810810811,0.0,-0.9775552347867464,0.2106792893025608,1.2566370614359172,0.0,0.0
1.1111111111111112,0.0,-0.9848077495826368,0.1736481971170028,1.2566370614359172,0.0,0.0
1.1411411411411412,0.0,-0.9906579958761126,0.1363698471317154,1.2566370614359172,0.0,0.0
1.1711711711711712,0.0,-0.9950976434970337,0.09889732001754897,1.2566370614359172,0.0,0.0
1.2012012012012012,0.0,-0.9981203708277823,0.061283972934314646,1.2566370614359172,0.0,0.0
1.2312312312312312,0.0,-0.9997218738046163,0.02358336355548507,1.2566370614359172,0.0,0.0
1.2612612612612613,0.0,-0.9998998720462313,-0.014150826192618815,1.2566370614359172,0.0,0.0
1.2912912912912913,0.0,-0.998654112100796,-0.051864866568561485,1.2566370614359172,0.0,0.0
1.3213213213213213,0.0,-0.9959863678068427,-0.08950505652161522,1.2566370614359172,0.0,0.0
1.3513513513513513,0.0,-0.9919004377674964,-0.1270178001567251,1.2566370614359172,0.0,0.0
1.3813813813813813,0.0,-0.9864021399416433,-0.16434968304974462,1.2566370614359172,0.0,0.0
1.4114114114114114,0.0,-0.9794993033597325,-0.20144754830427564,1.2566370614359172,0.0,0.0
1.4414414414414414,0.0,-0.9712017569760144,-0.2382585722418129,1.2566370614359172,0.0,0.0
1.4714714714714714,0.0,-0.9615213156730855,-0.27473033961742066,1.2566370614359172,0.0,0.0
1.5015015015015014,0.0,-0.9504717634386675,-0.3108109182538392,1.2566370614359172,0.0,0.0
1.5315315315315314,0.0,-0.9380688337385766,-0.34644893298775087,1.2566370614359172,0.0,0.0
1.5615615615615615,0.0,-0.9243301871138313,-0.38159363882291597,1.2566370614359172,0.0,0.0
1.5915915915915915,0.0,-0.9092753860337923,-0.4161949931860095,1.2566370614359172,0.0,0.0
1.6216216216216217,0.0,-0.8929258670411486,-0.45020372718228024,1.2566370614359172,0.0,0.0
1.6516516516516517,0.0,-0.8753049102284091,-0.4835714157495675,1.2566370614359172,0.0,0.0
1.6816816816816818,0.0,-0.8564376060893588,-0.5162505466107834,1.2566370614359172,0.0,0.0
1.7117117117117118,0.0,-0.8363508197926877,-0.548194587926681,1.2566370614359172,0.0,0.0
1.7417417417417418,0.0,-0.8150731529286559,-0.5793580545525746,1.2566370614359172,0.0,0.0
1.7717717717717718,0.0,-0.7926349027832679,-0.6096965728046724,1.2566370614359172,0.0,0.0
1.8018018018018018,0.0,-0.7690680191979432,-0.6391669436437992,1.2566370614359172,0.0,0.0
1.8318318318318318,0.0,-0.7444060590761138,-0.6677272041865396,1.2566370614359172,0.0,0.0
1.8618618618618619,0.0,-0.7186841386015237,-0.6953366874562202,1.2566370614359172,0.0,0.0
1.8918918918918919,0.0,-0.6919388832362676,-0.7219560802886488,1.2566370614359172,0.0,0.0
1.921921921921922,0.0,-0.6642083755697687,-0.747547479310159,1.2566370614359172,0.0,0.0
1.951951951951952,0.0,-0.6355321010929493,-0.7720744449082516,1.2566370614359172,0.0,0.0
1.981981981981982,0.0,-0.6059508919748118,-0.7955020531179878,1.2566370614359172,0.0,0.0
2.012012012012012,0.0,-0.5755068689214804,-0.8177969453502493,1.2566370614359172,0.0,0.0
2.042042042042042,0.0,-0.5442433812004978,-0.8389273758910566,1.2566370614359172,0.0,0.0
2.0720720720720722,0.0,-0.512204944915769,-0.8588632571043183,1.2566370614359172,0.0,0.0
2.1021021021021022,0.0,-0.4794371796210473,-0.8775762022736373,1.2566370614359172,0.0,0.0
2.1321321321321323,0.0,-0.44598674336221694,-0.8950395660221778,1.2566370614359172,0.0,0.0
2.1621621621621623,0.0,-0.4119012662408664,-0.9112284822530383,1.2566370614359172,0.0,0.0
2.1921921921921923,0.0,-0.3772292825937508,-0.9261198995561045,1.2566370614359172,0.0,0.0
2.2222222222222223,0.0,-0.34202016188471235,-0.9396926140309712,1.2566370614359172,0.0,0.0
2.2522522522522523,0.0,-0.3063240384074636,-0.9519272994791921,1.2566370614359172,0.0,0.0
2.2822822822822824,0.0,-0.27019173989932826,-0.962806534922867,1.2566370614359172,0.0,0.0
2.3123123123123124,0.0,-0.23367471516758845,-0.9723148294103873,1.2566370614359172,0.0,0.0
2.3423423423423424,0.0,-0.19682496083148776,-0.9804386440740124,1.2566370614359172,0.0,0.0
2.3723723723723724,0.0,-0.15969494728420586,-0.9871664114078733,1.2566370614359172,0.0,0.0
2.4024024024024024,0.0,-0.12233754398022652,-0.992488551738956,1.2566370614359172,0.0,0.0
2.4324324324324325,0.0,-0.08480594415448031,-0.9963974868676009,1.2566370614359172,0.0,0.0
2.4624624624624625,0.0,-0.04715358908045777,-0.9988876508581107,1.2566370614359172,0.0,0.0
2.4924924924924925,0.0,-0.009434091975138899,-0.9999554979640883,1.2566370614359172,0.0,0.0
2.5225225225225225,0.0,0.028298838340906855,-0.9995995076772292,1.2566370614359172,0.0,0.0
2.5525525525525525,0.0,0.06599147391955112,-0.9978201868923723,1.2566370614359172,0.0,0.0
2.5825825825825826,0.0,0.1035901441883727,-0.994620069185735,1.2566370614359172,0.0,0.0
2.6126126126126126,0.0,0.1410413123722264,-0.990003711207349,1.2566370614359172,0.0,0.0
2.6426426426426426,0.0,0.17829165172429767,-0.9839776861928454,1.2566370614359172,0.0,0.0
2.6726726726726726,0.0,0.2152881214580984,-0.9765505746038178,1.2566370614359172,0.0,0.0
2.7027027027027026,0.0,0.25197804227228243,-0.9677329519100976,1.2566370614359172,0.0,0.0
2.7327327327327327,0.0,0.2883091713607431,-0.9575373735313338,1.2566370614359172,0.0,0.0
2.7627627627627627,0.0,0.3242297768011842,-0.9459783569593218,1.2566370614359172,0.0,0.0
2.7927927927927927,0.0,0.3596887112162442,-0.933072361086535,1.2566370614359172,0.0,0.0
2.8228228228228227,0.0,0.3946354846022846,-0.9188377627702964,1.2566370614359172,0.0,0.0
2.8528528528528527,0.0,0.4290203362221452,-0.9032948306659576,1.2566370614359172,0.0,0.0
2.8828828828828827,0.0,0.46279430545949535,-0.8864656963663435,1.2566370614359172,0.0,0.0
2.9129129129129128,0.0,0.4959093015338927,-0.868374322888563,1.2566370614359172,0.0,0.0
2.942942942942943,0.0,0.528318171977282,-0.8490464705530474,1.2566370614359172,0.0,0.0
2.972972972972973,0.0,0.5599747697744308,-0.8285096603034132,1.2566370614359172,0.0,0.0
3.003003003003003,0.0,0.5908340190716977,-0.8067931345193693,1.2566370614359172,0.0,0.0
3.033033033033033,0.0,0.6208519793605767,-0.783927815378469,1.2566370614359172,0.0,0.0
3.063063063063063,0.0,0.6499859080446182,-0.7599462608259993,1.2566370614359172,0.0,0.0
3.093093093093093,0.0,0.6781943213006478,-0.7348826182156967,1.2566370614359172,0.0,0.0
3.123123123123123,0.0,0.7054370531476113,-0.7087725756873061,1.2566370614359172,0.0,0.0
3.153153153153153,0.0,0.7316753126389453,-0.6816533113502095,1.2566370614359172,0.0,0.0
3.183183183183183,0.0,0.7568717390970371,-0.6535634403454884,1.2566370614359172,0.0,0.0
3.2132132132132134,0.0,0.7809904553111211,-0.624542959861795,1.2566370614359172,0.0,0.0
3.2432432432432434,0.0,0.8039971186228657,-0.594633192183327,1.2566370614359172,0.0,0.0
3.2732732732732734,0.0,0.8258589698269123,-0.563876725850992,1.2566370614359172,0.0,0.0
3.3033033033033035,0.0,0.8465448798167311,-0.5323173550205553,1.2566370614359172,0.0,0.0
3.3333333333333335,0.0,0.8660253939093803,-0.5000000171041056,1.2566370614359172,0.0,0.0
3.3633633633633635,0.0,0.8842727737860518,-0.46697072878364143,1.2566370614359172,0.0,0.0
3.3933933933933935,0.0,0.9012610369886833,-0.4332765204878822,1.2566370614359172,0.0,0.0
3.4234234234234235,0.0,0.9169659939164015,-0.39896536942560434,1.2566370614359172,0.0,0.0
3.4534534534534536,0.0,0.9313652822691114,-0.3640861312708594,1.2566370614359172,0.0,0.0
3.4834834834834836,0.0,0.9444383988891945,-0.32868847059734,1.2566370614359172,0.0,0.0
3.5135135135135136,0.0,0.9561667289559681,-0.29282279016095714,1.2566370614359172,0.0,0.0
3.5435435435435436,0.0,0.966533572491345,-0.2565401591313183,1.2566370614359172,0.0,0.0
3.5735735735735736,0.0,0.9755241681389432,-0.21989224037429606,1.2566370614359172,0.0,0.0
3.6036036036036037,0.0,0.9831257141827932,-0.18293121688923653,1.2566370614359172,0.0,0.0
3.6336336336336337,0.0,0.9893273867757116,-0.14570971750554484,1.2566370614359172,0.0,0.0
3.6636636636636637,0.0,0.994120355351384,-0.10828074194445725,1.2566370614359172,0.0,0.0
3.6936936936936937,0.0,0.9974977951982164,-0.0706975853526946,1.2566370614359172,0.0,0.0
3.7237237237237237,0.0,0.9994548971770458,-0.03301376241546633,1.2566370614359172,0.0,0.0
3.7537537537537538,0.0,0.9999888745688791,0.004717068843133332,1.2566370614359172,0.0,0.0
3.7837837837837838,0.0,0.999098967042902,0.042441183463825416,1.2566370614359172,0.0,0.0
3.813813813813814,0.0,0.9967864417391167,0.08010486605115708,1.2566370614359172,0.0,0.0
3.843843843843844,0.0,0.9930545914640594,0.1176544872588931,1.2566370614359172,0.0,0.0
3.873873873873874,0.0,0.9879087300021705,0.15503658015288374,1.2566370614359172,0.0,0.0
3.903903903903904,0.0,0.9813561845494926,0.19219791634267247,1.2566370614359172,0.0,0.0
3.933933933933934,0.0,0.9734062852804716,0.22908558177344113,1.2566370614359172,0.0,0.0
3.963963963963964,0.0,0.9640703520627126,0.2656470520703734,1.2566370614359172,0.0,0.0
3.993993993993994,0.0,0.953361678338614,0.3018302673281514,1.2566370614359172,0.0,0.0
4.024024024024024,0.0,0.9412955121968221,0.3375837062390956,1.2566370614359172,0.0,0.0
4.054054054054054,0.0,0.9278890346604693,0.37285645945439155,1.2566370614359172,0.0,0.0
4.084084084084084,0.0,0.9131613352230987,0.40759830207395303,1.2566370614359172,0.0,0.0
4.114114114114114,0.0,0.8971333846671224,0.44175976516169374,1.2566370614359172,0.0,0.0
4.1441441441441444,0.0,0.8798280052035078,0.47529220618438367,1.2566370614359172,0.0,0.0
4.1741741741741745,0.0,0.8612698379752127,0.508147878273789,1.2566370614359172,0.0,0.0
4.2042042042042045,0.0,0.8414853079706452,0.5402799982134736,1.2566370614359172,0.0,0.0
4.2342342342342345,0.0,0.8205025863971018,0.5716428130534568,1.2566370614359172,0.0,0.0
4.2642642642642645,0.0,0.7983515505677637,0.6021916652578733,1.2566370614359172,0.0,0.0
4.2942942942942945,0.0,0.7750637413593678,0.6318830562928729,1.2566370614359172,0.0,0.0
4.324324324324325,0.0,0.7506723183011288,0.6606747085642156,1.2566370614359172,0.0,0.0
4.354354354354355,0.0,0.7252120123588606,0.6885256256163702,1.2566370614359172,0.0,0.0
4.384384384384385,0.0,0.6987190764815268,0.7153961505073989,1.2566370614359172,0.0,0.0
4.414414414414415,0.0,0.6712312339806393,0.7412480222765053,1.2566370614359172,0.0,0.0
4.444444444444445,0.0,0.6427876248160079,0.7660444304238481,1.2566370614359172,0.0,0.0
4.474474474474475,0.0,0.6134287498643193,0.7897500673250374,1.2566370614359172,0.0,0.0
4.504504504504505,0.0,0.5831964132499102,0.8123311785056896,1.2566370614359172,0.0,0.0
4.534534534534535,0.0,0.5521336628198423,0.8337556107044481,1.2566370614359172,0.0,0.0
4.564564564564565,0.0,0.5202847288480388,0.8539928576560376,1.2566370614359172,0.0,0.0
4.594594594594595,0.0,0.4876949610557662,0.8730141035291568,1.2566370614359172,0.0,0.0
4.624624624624625,0.0,0.45441076403812974,0.8907922639573638,1.2566370614359172,0.0,0.0
4.654654654654655,0.0,0.42047953118853626,0.9073020246045259,1.2566370614359172,0.0,0.0
4.684684684684685,0.0,0.3859495772152051,0.922519877209921,1.2566370614359172,0.0,0.0
4.714714714714715,0.0,0.350870069345818,0.936424153061669,1.2566370614359172,0.0,0.0
4.744744744744745,0.0,0.3152909573182667,0.9489950538508273,1.2566370614359172,0.0,0.0
4.774774774774775,0.0,0.2792629022571831,0.9602146798622162,1.2566370614359172,0.0,0.0
4.804804804804805,0.0,0.24283720453752572,0.9700670554618395,1.2566370614359172,0.0,0.0
4.834834834834835,0.0,0.20606573073793624,0.9785381518445995,1.2566370614359172,0.0,0.0
4.864864864864865,0.0,0.16900083978787916,0.9856159070099241,1.2566370614359172,0.0,0.0
4.894894894894895,0.0,0.1316953084137224,0.9912902429368593,1.2566370614359172,0.0,0.0
4.924924924924925,0.0,0.09420225598991655,0.9955530799341709,1.2566370614359172,0.0,0.0
4.954954954954955,0.0,0.05657506890227699,0.9983983481450208,1.2566370614359172,0.0,0.0
4.984984984984985,0.0,0.018867324531068888,0.999821996189843,1.2566370614359172,0.0,0.0
5.015015015015015,0.0,-0.018867285037865333,0.9998219969351062,1.2566370614359172,0.0,0.0
5.045045045045045,0.0,-0.05657502946530785,0.9983983503797484,1.2566370614359172,0.0,0.0
5.075075075075075,0.0,-0.09420221666533618,0.9955530836551812,1.2566370614359172,0.0,0.0
5.105105105105105,0.0,-0.1316952692575251,0.9912902481388544,1.2566370614359172,0.0,0.0
5.135135135135135,0.0,-0.16900080085581934,0.9856159136854961,1.2566370614359172,0.0,0.0
5.165165165165165,0.0,-0.20606569208544934,0.9785381599842432,1.2566370614359172,0.0,0.0
5.195195195195195,0.0,-0.24283716621964915,0.9700670650539653,1.2566370614359172,0.0,0.0
5.225225225225225,0.0,-0.27926286432847774,0.9602146908931658,1.2566370614359172,0.0,0.0
5.255255255255255,0.0,-0.3152909198327391,0.9489950663048936,1.2566370614359172,0.0,0.0
5.285285285285285,0.0,-0.35087003235684394,0.9364241669211191,1.2566370614359172,0.0,0.0
5.315315315315315,0.0,-0.38594954077545335,0.92251989245502,1.2566370614359172,0.0,0.0
5.345345345345345,0.0,-0.4204794953498933,0.9073020412135661,1.2566370614359172,0.0,0.0
5.375375375375375,0.0,-0.45441072885162637,0.8907922819066955,1.2566370614359172,0.0,0.0
5.405405405405405,0.0,-0.4876949265715041,0.8730141227932221,1.2566370614359172,0.0,0.0
5.435435435435435,0.0,-0.5202846951151203,0.8539928782074063,1.2566370614359172,0.0,0.0
5.465465465465465,0.0,-0.5521336298862998,0.8337556325138573,1.2566370614359172,0.0,0.0
5.495495495495495,0.0,-0.5831963811626383,0.8123312015420848,1.2566370614359172,0.0,0.0
5.525525525525525,0.0,-0.6134287186690061,0.7897500915556168,1.2566370614359172,0.0,0.0
5.555555555555555,0.0,-0.6427875945570726,0.76604445581411,1.2566370614359172,0.0,0.0
5.585585585585585,0.0,-0.6712312047011681,0.7412480487902962,1.2566370614359172,0.0,0.0
5.615615615615615,0.0,-0.6987190482232105,0.7153961781069659,1.2566370614359172,0.0,0.0
5.645645645645645,0.0,-0.7252119851619364,0.6885256542624145,1.2566370614359172,0.0,0.0
5.675675675675675,0.0,-0.7506722922043222,0.6606747382159479,1.2566370614359172,0.0,0.0
5.7057057057057055,0.0,-0.7750637163998381,0.6318830869080722,1.2566370614359172,0.0,0.0
5.7357357357357355,0.0,-0.7983515267810508,0.6021916967929467,1.2566370614359172,0.0,0.0
5.7657657657657655,0.0,-0.820502563817076,0.5716428454635013,1.2566370614359172,0.0,0.0
5.7957957957957955,0.0,-0.8414852866294579,0.5402800314523409,1.2566370614359172,0.0,0.0
5.8258258258258255,0.0,-0.8612698179032516,0.5081479122941498,1.2566370614359172,0.0,0.0
5.8558558558558556,0.0,-0.8798279864293538,0.4752922409377965,1.2566370614359172,0.0,0.0
5.885885885885886,0.0,-0.897133367217508,0.441759800598673,1.2566370614359172,0.0,0.0
5.915915915915916,0.0,-0.9131613191228704,0.40759833814403956,1.2566370614359172,0.0,0.0
5.945945945945946,0.0,-0.9278890199325518,0.3728564961062257,1.2566370614359172,0.0,0.0
5.975975975975976,0.0,-0.9412954988621867,0.33758374342048875,1.2566370614359172,0.0,0.0
6.006006006006006,0.0,-0.9533616664162475,0.3018303049861615,1.2566370614359172,0.0,0.0
6.036036036036036,0.0,-0.9640703415695915,0.26564709015137844,1.2566370614359172,0.0,0.0
6.066066066066066,0.0,-0.9734062762315367,0.22908562022321788,1.2566370614359172,0.0,0.0
6.096096096096096,0.0,-0.9813561769576292,0.19219795510647203,1.2566370614359172,0.0,0.0
6.126126126126126,0.0,-0.9879087238781883,0.15503661917551054,1.2566370614359172,0.0,0.0
6.156156156156156,0.0,-0.9930545868166788,0.11765452648478264,1.2566370614359172,0.0,0.0
6.186186186186186,0.0,-0.9967864385749549,0.08010490542445559,1.2566370614359172,0.0,0.0
6.216216216216216,0.0,-0.9990989653664641,0.042441222928469635,1.2566370614359172,0.0,0.0
6.246246246246246,0.0,-0.9999888743825524,0.0047171083429293215,1.2566370614359172,0.0,0.0
6.276276276276276,0.0,-0.9994548984810958,-0.0330137229367628,1.2566370614359172,0.0,0.0
6.306306306306306,0.0,-0.9974977979907864,-0.07069754595129707,1.2566370614359172,0.0,0.0
6.336336336336336,0.0,-0.9941203596284975,-0.10828070267646889,1.2566370614359172,0.0,0.0
6.366366366366366,0.0,-0.9893273925312784,-0.14570967842688043,1.2566370614359172,0.0,0.0
6.396396396396396,0.0,-0.9831257214086182,-0.18293117805553938,1.2566370614359172,0.0,0.0
6.426426426426427,0.0,-0.9755241768247368,-0.2198922018408629,1.2566370614359172,0.0,0.0
6.456456456456457,0.0,-0.96653358262474,-0.2565401209530156,1.2566370614359172,0.0,0.0
6.486486486486487,0.0,-0.9561667405225357,-0.2928227523921473,1.2566370614359172,0.0,0.0
6.516516516516517,0.0,-0.9444384118724648,-0.32868843329180164,1.2566370614359172,0.0,0.0
6.546546546546547,0.0,-0.9313652966505979,-0.364086094481712,1.2566370614359172,0.0,0.0
6.576576576576577,0.0,-0.9169660096756261,-0.3989653332052322,1.2566370614359172,0.0,0.0
6.606606606606607,0.0,-0.9012610541032069,-0.4332764848878595,1.2566370614359172,0.0,0.0
6.636636636636637,0.0,-0.8842727922315045,-0.4669706938546592,1.2566370614359172,0.0,0.0
6.666666666666667,0.0,-0.8660254136594971,-0.4999999828958991,1.2566370614359172,0.0,0.0
6.696696696696697,0.0,-0.8465449008433902,-0.5323173215818335,1.2566370614359172,0.0,0.0
6.726726726726727,0.0,-0.8258589921001741,-0.5638766932293683,1.2566370614359172,0.0,0.0
6.756756756756757,0.0,-0.8039971421110151,-0.594633160425251,1.2566370614359172,0.0,0.0
6.786786786786787,0.0,-0.7809904799807135,-0.6245429290124872,1.2566370614359172,0.0,0.0
6.816816816816817,0.0,-0.7568717649129455,-0.653563410448875,1.2566370614359172,0.0,0.0
6.846846846846847,0.0,-0.7316753395644103,-0.681653282448861,1.2566370614359172,0.0,0.0
6.876876876876877,0.0,-0.7054370811442935,-0.7087725478223752,1.2566370614359172,0.0,0.0
6.906906906906907,0.0,-0.678194350328683,-0.7348825914268597,1.2566370614359172,0.0,0.0
6.936936936936937,0.0,-0.6499859380626732,-0.7599462351514006,1.2566370614359172,0.0,0.0
6.966966966966967,0.0,-0.6208520103259089,-0.7839277908546671,1.2566370614359172,0.0,0.0
6.996996996996997,0.0,-0.5908340509402161,-0.8067931111812839,1.2566370614359172,0.0,0.0
7.027027027027027,0.0,-0.5599748025007574,-0.8285096381842757,1.2566370614359172,0.0,0.0
7.057057057057057,0.0,-0.5283182055148179,-0.8490464496843527,1.2566370614359172,0.0,0.0
7.087087087087087,0.0,-0.4959093358348833,-0.8683743033000263,1.2566370614359172,0.0,0.0
7.117117117117117,0.0,-0.4627943404750996,-0.8864656780858574,1.2566370614359172,0.0,0.0
7.147147147147147,0.0,-0.4290203719025043,-0.9032948137195509,1.2566370614359172,0.0,0.0
7.177177177177177,0.0,-0.3946355208965933,-0.9188377471820993,1.2566370614359172,0.0,0.0
7.207207207207207,0.0,-0.3596887480728232,-0.9330723468787434,1.2566370614359172,0.0,0.0
7.237237237237237,0.0,-0.3242298141675535,-0.9459783441521664,1.2566370614359172,0.0,0.0
7.267267267267267,0.0,-0.2883092091836964,-0.9575373621430513,1.2566370614359172,0.0,0.0
7.297297297297297,0.0,-0.25197808049796366,-0.9677329419569033,1.2566370614359172,0.0,0.0
7.327327327327327,0.0,-0.21528816003207793,-0.9765505660998839,1.2566370614359172,0.0,0.0
7.357357357357357,0.0,-0.17829169059164984,-0.9839776791502808,1.2566370614359172,0.0,0.0
7.387387387387387,0.0,-0.14104135147760793,-0.9900037056361812,1.2566370614359172,0.0,0.0
7.4174174174174174,0.0,-0.10359018347610158,-0.9946200650938973,1.2566370614359172,0.0,0.0
7.4474474474474475,0.0,-0.06599151333368553,-0.9978201842856917,1.2566370614359172,0.0,0.0
7.4774774774774775,0.0,-0.02829887782532492,-0.9995995065594162,1.2566370614359172,0.0,0.0
7.5075075075075075,0.0,0.009434052476659072,-0.9999554983367356,1.2566370614359172,0.0,0.0
7.5375375375375375,0.0,0.04715354962415808,-0.998887652720687,1.2566370614359172,0.0,0.0
7.5675675675675675,0.0,0.08480590479654264,-0.9963974902174539,1.2566370614359172,0.0,0.0
7.597597597597598,0.0,0.12233750477669257,-0.9924885565713161,1.2566370614359172,0.0,0.0
7.627627627627628,0.0,0.1596949082908977,-0.9871664177158597,1.2566370614359172,0.0,0.0
7.657657657657658,0.0,0.19682492210392788,-0.9804386518486425,1.2566370614359172,0.0,0.0
7.687687687687688,0.0,0.23367467676092116,-0.9723148386405915,1.2566370614359172,0.0,0.0
7.717717717717718,0.0,0.27019170186824065,-0.9628065455955024,1.2566370614359172,0.0,0.0
7.747747747747748,0.0,0.3063240008061083,-0.9519273115790615,1.2566370614359172,0.0,0.0
7.777777777777778,0.0,0.3420201247666301,-0.9396926275408457,1.2566370614359172,0.0,0.0
7.807807807807808,0.0,0.37722924601179403,-0.9261199144567474,1.2566370614359172,0.0,0.0
7.837837837837838,0.0,0.4119012302471239,-0.9112284985232332,1.2566370614359172,0.0,0.0
7.867867867867868,0.0,0.4459867080079402,-0.8950395836387581,1.2566370614359172,0.0,0.0
7.897897897897898,0.0,0.4794371449565774,-0.8775762212115177,1.2566370614359172,0.0,0.0
7.927927927927928,0.0,0.5122049109904648,-0.8588632773365333,1.2566370614359172,0.0,0.0
7.957957957957958,0.0,0.5442433480626657,-0.8389273973887976,1.2566370614359172,0.0,0.0
7.987987987987988,0.0,0.5755068366183052,-0.8177969680829054,1.2566370614359172,0.0,0.0
8.018018018018019,0.0,0.6059508605522911,-0.79550207705319,1.2566370614359172,0.0,0.0
8.048048048048049,0.0,0.6355320705958246,-0.7720744700119185,1.2566370614359172,0.0,0.0
8.078078078078079,0.0,0.6642083460414651,-0.7475475055465454,1.2566370614359172,0.0,0.0
8.108108108108109,0.0,0.6919388547188305,-0.7219561076203973,1.2566370614359172,0.0,0.0
8.138138138138139,0.0,0.7186841111355591,-0.6953367158444125,1.2566370614359172,0.0,0.0
8.168168168168169,0.0,0.7444060327007301,-0.6677272335907538,1.2566370614359172,0.0,0.0
8.198198198198199,0.0,0.7690679939506961,-0.6391669740221668,1.2566370614359172,0.0,0.0
8.228228228228229,0.0,0.7926348787001075,-0.6096966041139374,1.2566370614359172,0.0,0.0
8.258258258258259,0.0,0.8150731300438745,-0.5793580867481557,1.2566370614359172,0.0,0.0
8.288288288288289,0.0,0.8363507981388704,-0.5481946209627344,1.2566370614359172,0.0,0.0
8.318318318318319,0.0,0.856437585697339,-0.5162505804402695,1.2566370614359172,0.0,0.0
8.348348348348349,0.0,0.8753048911272229,-0.48357145032431614,1.2566370614359172,0.0,0.0
8.378378378378379,0.0,0.892925849257994,-0.450203762453061,1.2566370614359172,0.0,0.0
8.408408408408409,0.0,0.9092753695939904,-0.4161950291025999,1.2566370614359172,0.0,0.0
8.438438438438439,0.0,0.9243301720407908,-0.3815936753341749,1.2566370614359172,0.0,0.0
8.468468468468469,0.0,0.9380688200537601,-0.3464489700416896,1.2566370614359172,0.0,0.0
8.498498498498499,0.0,0.9504717511615606,-0.3108109557976966,1.2566370614359172,0.0,0.0
8.528528528528529,0.0,0.9615213048211699,-0.27473037759773794,1.2566370614359172,0.0,0.0
8.558558558558559,0.0,0.9712017475647424,-0.23825861060450987,1.2566370614359172,0.0,0.0
8.588588588588589,0.0,0.9794992954025047,-0.20144758699472742,1.2566370614359172,0.0,0.0
8.618618618618619,0.0,0.9864021334497896,-0.16434972201286047,1.2566370614359172,0.0,0.0
8.64864864864865,0.0,0.9919004327502605,-0.1270178393370251,1.2566370614359172,0.0,0.0
8.67867867867868,0.0,0.9959863642713689,-0.08950509586331085,1.2566370614359172,0.0,0.0
8.70870870870871,0.0,0.9986541100521189,-0.05186490601563343,1.2566370614359172,0.0,0.0
8.73873873873874,0.0,0.9998998714872679,-0.014150865688898229,1.2566370614359172,0.0,0.0
8.76876876876877,0.0,0.9997218747361625,0.0235833240662362,1.2566370614359172,0.0,0.0
8.7987987987988,0.0,0.9981203732485111,0.06128393350832584,1.2566370614359172,0.0,0.0
8.82882882882883,0.0,0.9950976474034984,0.09889728071095844,1.2566370614359172,0.0,0.0
8.85885885885886,0.0,0.9906580012627512,0.13636980800049203,1.2566370614359172,0.0,0.0
8.88888888888889,0.0,0.9848077564417789,0.17364815821686513,1.2566370614359172,0.0,0.0
8.91891891891892,0.0,0.9775552431086255,0.2106792506888993,1.2566370614359172,0.0,0.0
8.94894894894895,0.0,0.9689107881225324,0.24741035681590434,1.2566370614359172,0.0,0.0
8.97897897897898,0.0,0.9588867003295184,0.28378917514797547,1.2566370614359172,0.0,0.0
9.00900900900901,0.0,0.9474972530358036,0.31976390585806674,1.2566370614359172,0.0,0.0
9.03903903903904,0.0,0.9347586636840375,0.35528332449980377,1.2566370614359172,0.0,0.0
9.06906906906907,0.0,0.9206890707612708,0.39029685494601146,1.2566370614359172,0.0,0.0
9.0990990990991,0.0,0.9053085079715494,0.42475464140410196,1.2566370614359172,0.0,0.0
9.12912912912913,0.0,0.8886388757099087,0.4586076194057725,1.2566370614359172,0.0,0.0
9.15915915915916,0.0,0.8707039098783833,0.4918075856699405,1.2566370614359172,0.0,0.0
9.18918918918919,0.0,0.8515291480884396,0.5243072667394341,1.2566370614359172,0.0,0.0
9.21921921921922,0.0,0.8311418932979495,0.5560603862937008,1.2566370614359172,0.0,0.0
9.24924924924925,0.0,0.8095711749344899,0.587021731041696,1.2566370614359172,0.0,0.0
9.27927927927928,0.0,0.7868477075603175,0.6171472151011238,1.2566370614359172,0.0,0.0
9.30930930930931,0.0,0.763003847137881,0.6463939427723568,1.2566370614359172,0.0,0.0
9.33933933933934,0.0,0.7380735449581408,0.6747202696176563,1.2566370614359172,0.0,0.0
9.36936936936937,0.0,0.7120922992973008,0.702085861758719,1.2566370614359172,0.0,0.0
9.3993993993994,0.0,0.6850971048707853,0.7284517533081154,1.2566370614359172,0.0,0.0
9.42942942942943,0.0,0.6571264001564372,0.7537804018528484,1.2566370614359172,0.0,0.0
9.45945945945946,0.0,0.6282200126619365,0.778035741911023,1.2566370614359172,0.0,0.0
9.48948948948949,0.0,0.5984191022143868,0.8011832362855124,1.2566370614359172,0.0,0.0
9.51951951951952,0.0,0.5677661023528023,0.8231899252415003,1.2566370614359172,0.0,0.0
9.54954954954955,0.0,0.5363046599069613,0.8440244734378726,1.2566370614359172,0.0,0.0
9.57957957957958,0.0,0.5040795728486528,0.8636572145456318,1.2566370614359172,0.0,0.0
9.60960960960961,0.0,0.4711367265038069,0.8820601934898077,1.2566370614359172,0.0,0.0
9.63963963963964,0.0,0.43752302821634886,0.8992072062547073,1.2566370614359172,0.0,0.0
9.66966966966967,0.0,0.40328634055679363,0.9150738371958349,1.2566370614359172,0.0,0.0
9.6996996996997,0.0,0.36847541317069626,0.9296374938053458,1.2566370614359172,0.0,0.0
9.72972972972973,0.0,0.33313981336399423,0.9428774388815347,1.2566370614359172,0.0,0.0
9.75975975975976,0.0,0.29732985552408364,0.9547748200565549,1.2566370614359172,0.0,0.0
9.78978978978979,0.0,0.26109652947712386,0.9653126966403169,1.2566370614359172,0.0,0.0
9.81981981981982,0.0,0.22449142788358592,0.9744760637423519,1.2566370614359172,0.0,0.0
9.84984984984985,0.0,0.18756667277542363,0.9822518736372848,1.2566370614359172,0.0,0.0
9.87987987987988,0.0,0.15037484133947338,0.9886290543435022,1.2566370614359172,0.0,0.0
9.90990990990991,0.0,0.11296889105275706,0.9935985253885546,1.2566370614359172,0.0,0.0
9.93993993993994,0.0,0.07540208427629126,0.9971532107388466,1.2566370614359172,0.0,0.0
9.96996996996997,0.0,0.03772791241477014,0.9992880488752094,1.2566370614359172,0.0,0.0
10.0,0.0,1.9750114085620094e-08,0.9999999999999994,1.2566370614359172,0.0,0.0
10.03003003003003,0.0,-0.037727872942664165,0.9992880503654696,1.2566370614359172,0.0,0.0
10.06006006006006,0.0,-0.07540204488851185,0.9971532137172459,1.2566370614359172,0.0,0.0
10.09009009009009,0.0,-0.11296885180538851,0.9935985298508512,1.2566370614359172,0.0,0.0
10.12012012012012,0.0,-0.1503748022884,0.9886290602833427,1.2566370614359172,0.0,0.0
10.15015015015015,0.0,-0.18756663397625037,0.9822518810462112,1.2566370614359172,0.0,0.0
10.18018018018018,0.0,-0.22449138939155897,0.9744760726098145,1.2566370614359172,0.0,0.0
10.21021021021021,0.0,-0.26109649134705215,0.9653127069536898,1.2566370614359172,0.0,0.0
10.24024024024024,0.0,-0.2973298178102604,0.9547748318011521,1.2566370614359172,0.0,0.0
10.27027027027027,0.0,-0.3331397761201205,0.9428774520406338,1.2566370614359172,0.0,0.0
10.3003003003003,0.0,-0.3684753764498033,0.929637508360209,1.2566370614359172,0.0,0.0
10.33033033033033,0.0,-0.40328630441116836,0.915073853125738,1.2566370614359172,0.0,0.0
10.36036036036036,0.0,-0.43752299269745926,0.8992072235369672,1.2566370614359172,0.0,0.0
10.39039039039039,0.0,-0.4711366916622282,0.882060212099816,1.2566370614359172,0.0,0.0
10.42042042042042,0.0,-0.5040795387339959,0.86365723445689,1.2566370614359172,0.0,0.0
10.45045045045045,0.0,-0.5363046265678028,0.844024494622029,1.2566370614359172,0.0,0.0
10.48048048048048,0.0,-0.5677660698366132,0.8231899476683912,1.2566370614359172,0.0,0.0
10.51051051051051,0.0,-0.5984190705674668,0.801183259923204,1.2566370614359172,0.0,0.0
10.54054054054054,0.0,-0.6282199819293479,0.7780357667258573,1.2566370614359172,0.0,0.0
10.57057057057057,0.0,-0.6571263703819401,0.7537804278094916,1.2566370614359172,0.0,0.0
10.6006006006006,0.0,-0.6850970760967758,0.7284517803696076,1.2566370614359172,0.0,0.0
10.63063063063063,0.0,-0.7120922715647499,0.7020858898865271,1.2566370614359172,0.0,0.0
10.66066066066066,0.0,-0.7380735183065369,0.6747202987717298,1.2566370614359172,0.0,0.0
10.69069069069069,0.0,-0.7630038216051734,0.6463939729111831,1.2566370614359172,0.0,0.0
10.72072072072072,0.0,-0.7868476831828622,0.6171472461817882,1.2566370614359172,0.0,0.0
10.75075075075075,0.0,-0.809571151746998,0.5870217630199426,1.2566370614359172,0.0,0.0
10.78078078078078,0.0,-0.8311418713334378,0.5560604191239956,1.2566370614359172,0.0,0.0
10.81081081081081,0.0,-0.8515291273781832,0.5243073003750308,1.2566370614359172,0.0,0.0
10.84084084084084,0.0,-0.870703890451872,0.49180762006294404,1.2566370614359172,0.0,0.0
10.87087087087087,0.0,-0.8886388575948035,0.4586076545072104,1.2566370614359172,0.0,0.0
10.9009009009009,0.0,-0.9053084911936446,0.4247546771639945,1.2566370614359172,0.0,0.0
10.93093093093093,0.0,-0.9206890553444562,0.3902968913134399,1.2566370614359172,0.0,0.0
10.96096096096096,0.0,-0.9347586496502652,0.355283361422984,1.2566370614359172,0.0,0.0
10.99099099099099,0.0,-0.9474972404050567,0.31976394328442453,1.2566370614359172,0.0,0.0
11.02102102102102,0.0,-0.9588866891197818,0.2837892130242191,1.2566370614359172,0.0,0.0
11.05105105105105,0.0,-0.9689107783497677,0.24741039508810142,1.2566370614359172,0.0,0.0
11.08108108108108,0.0,-0.9775552347867479,0.21067928930255403,1.2566370614359172,0.0,0.0
11.11111111111111,0.0,-0.9848077495826383,0.17364819711699592,1.2566370614359172,0.0,0.0
11.14114114114114,0.0,-0.9906579958761138,0.1363698471317084,1.2566370614359172,0.0,0.0
11.17117117117117,0.0,-0.9950976434970349,0.09889732001754181,1.2566370614359172,0.0,0.0
11.2012012012012,0.0,-0.9981203708277832,0.06128397293430721,1.2566370614359172,0.0,0.0
11.23123123123123,0.0,-0.9997218738046172,0.023583363555477577,1.2566370614359172,0.0,0.0
11.26126126126126,0.0,-0.9998998720462319,-0.014150826192626031,1.2566370614359172,0.0,0.0
11.29129129129129,0.0,-0.9986541121007961,-0.05186486656856898,1.2566370614359172,0.0,0.0
11.32132132132132,0.0,-0.9959863678068419,-0.08950505652162266,1.2566370614359172,0.0,0.0
11.35135135135135,0.0,-0.9919004377674955,-0.12701780015673242,1.2566370614359172,0.0,0.0
11.381381381381381,0.0,-0.9864021399416419,-0.16434968304975195,1.2566370614359172,0.0,0.0
11.411411411411411,0.0,-0.9794993033597306,-0.20144754830428308,1.2566370614359172,0.0,0.0
11.441441441441441,0.0,-0.9712017569760126,-0.23825857224182034,1.2566370614359172,0.0,0.0
11.471471471471471,0.0,-0.9615213156730835,-0.27473033961742827,1.2566370614359172,0.0,0.0
11.501501501501501,0.0,-0.9504717634386651,-0.31081091825384627,1.2566370614359172,0.0,0.0
11.531531531531531,0.0,-0.9380688337385741,-0.3464489329877582,1.2566370614359172,0.0,0.0
11.561561561561561,0.0,-0.9243301871138287,-0.3815936388229232,1.2566370614359172,0.0,0.0
11.591591591591591,0.0,-0.9092753860337893,-0.4161949931860165,1.2566370614359172,0.0,0.0
11.621621621621621,0.0,-0.8929258670411455,-0.4502037271822871,1.2566370614359172,0.0,0.0
11.651651651651651,0.0,-0.8753049102284054,-0.4835714157495743,1.2566370614359172,0.0,0.0
11.681681681681681,0.0,-0.8564376060893548,-0.5162505466107902,1.2566370614359172,0.0,0.0
11.711711711711711,0.0,-0.8363508197926836,-0.5481945879266876,1.2566370614359172,0.0,0.0
11.741741741741741,0.0,-0.8150731529286515,-0.5793580545525814,1.2566370614359172,0.0,0.0
11.771771771771771,0.0,-0.7926349027832632,-0.6096965728046793,1.2566370614359172,0.0,0.0
11.801801801801801,0.0,-0.7690680191979382,-0.6391669436438062,1.2566370614359172,0.0,0.0
11.831831831831831,0.0,-0.7444060590761086,-0.6677272041865464,1.2566370614359172,0.0,0.0
11.861861861861861,0.0,-0.7186841386015185,-0.6953366874562267,1.2566370614359172,0.0,0.0
11.891891891891891,0.0,-0.6919388832362622,-0.7219560802886549,1.2566370614359172,0.0,0.0
11.921921921921921,0.0,-0.664208375569763,-0.7475474793101646,1.2566370614359172,0.0,0.0
11.951951951951951,0.0,-0.6355321010929431,-0.7720744449082572,1.2566370614359172,0.0,0.0
11.981981981981981,0.0,-0.605950891974805,-0.7955020531179933,1.2566370614359172,0.0,0.0
12.012012012012011,0.0,-0.5755068689214736,-0.8177969453502539,1.2566370614359172,0.0,0.0
12.042042042042041,0.0,-0.5442433812004909,-0.8389273758910609,1.2566370614359172,0.0,0.0
12.072072072072071,0.0,-0.5122049449157621,-0.8588632571043227,1.2566370614359172,0.0,0.0
12.102102102102101,0.0,-0.4794371796210404,-0.8775762022736414,1.2566370614359172,0.0,0.0
12.132132132132131,0.0,-0.44598674336220995,-0.8950395660221817,1.2566370614359172,0.0,0.0
12.162162162162161,0.0,-0.4119012662408593,-0.9112284822530412,1.2566370614359172,0.0,0.0
12.192192192192191,0.0,-0.37722928259374366,-0.9261198995561072,1.2566370614359172,0.0,0.0
12.222222222222221,0.0,-0.3420201618847052,-0.9396926140309739,1.2566370614359172,0.0,0.0
12.252252252252251,0.0,-0.30632403840745626,-0.9519272994791944,1.2566370614359172,0.0,0.0
12.282282282282281,0.0,-0.270191739899321,-0.9628065349228696,1.2566370614359172,0.0,0.0
12.312312312312311,0.0,-0.23367471516758118,-0.9723148294103897,1.2566370614359172,0.0,0.0
12.342342342342342,0.0,-0.1968249608314804,-0.9804386440740144,1.2566370614359172,0.0,0.0
12.372372372372372,0.0,-0.15969494728419853,-0.9871664114078755,1.2566370614359172,0.0,0.0
12.402402402402402,0.0,-0.12233754398021915,-0.9924885517389578,1.2566370614359172,0.0,0.0
12.432432432432432,0.0,-0.08480594415447294,-0.9963974868676022,1.2566370614359172,0.0,0.0
12.462462462462462,0.0,-0.047153589080450344,-0.9988876508581117,1.2566370614359172,0.0,0.0
12.492492492492492,0.0,-0.009434091975131446,-0.9999554979640892,1.2566370614359172,0.0,0.0
12.522522522522522,0.0,0.028298838340914335,-0.9995995076772296,1.2566370614359172,0.0,0.0
12.552552552552552,0.0,0.06599147391955862,-0.9978201868923722,1.2566370614359172,0.0,0.0
12.582582582582582,0.0,0.1035901441883802,-0.9946200691857343,1.2566370614359172,0.0,0.0
12.612612612612612,0.0,0.14104131237223388,-0.9900037112073478,1.2566370614359172,0.0,0.0
12.642642642642642,0.0,0.17829165172430528,-0.9839776861928438,1.2566370614359172,0.0,0.0
12.672672672672672,0.0,0.21528812145810605,-0.9765505746038161,1.2566370614359172,0.0,0.0
12.702702702702702,0.0,0.25197804227229015,-0.9677329519100958,1.2566370614359172,0.0,0.0
12.732732732732732,0.0,0.2883091713607505,-0.9575373735313315,1.2566370614359172,0.0,0.0
12.762762762762762,0.0,0.32422977680119164,-0.945978356959319,1.2566370614359172,0.0,0.0
12.792792792792792,0.0,0.3596887112162513,-0.9330723610865317,1.2566370614359172,0.0,0.0
12.822822822822824,0.0,0.3946354846022935,-0.9188377627702924,1.2566370614359172,0.0,0.0
12.852852852852854,0.0,0.4290203362221539,-0.9032948306659536,1.2566370614359172,0.0,0.0
12.882882882882884,0.0,0.46279430545950384,-0.8864656963663395,1.2566370614359172,0.0,0.0
12.912912912912914,0.0,0.49590930153390095,-0.8683743228885583,1.2566370614359172,0.0,0.0
12.942942942942944,0.0,0.5283181719772903,-0.8490464705530423,1.2566370614359172,0.0,0.0
12.972972972972974,0.0,0.5599747697744386,-0.8285096603034078,1.2566370614359172,0.0,0.0
13.003003003003004,0.0,0.5908340190717052,-0.8067931345193636,1.2566370614359172,0.0,0.0
13.033033033033034,0.0,0.6208519793605832,-0.7839278153784632,1.2566370614359172,0.0,0.0
13.063063063063064,0.0,0.6499859080446247,-0.7599462608259933,1.2566370614359172,0.0,0.0
13.093093093093094,0.0,0.6781943213006539,-0.7348826182156905,1.2566370614359172,0.0,0.0
13.123123123123124,0.0,0.7054370531476172,-0.7087725756872998,1.2566370614359172,0.0,0.0
13.153153153153154,0.0,0.7316753126389509,-0.681653311350203,1.2566370614359172,0.0,0.0
13.183183183183184,0.0,0.7568717390970423,-0.6535634403454815,1.2566370614359172,0.0,0.0
13.213213213213214,0.0,0.780990455311126,-0.6245429598617886,1.2566370614359172,0.0,0.0
13.243243243243244,0.0,0.8039971186228703,-0.5946331921833203,1.2566370614359172,0.0,0.0
13.273273273273274,0.0,0.8258589698269164,-0.5638767258509855,1.2566370614359172,0.0,0.0
13.303303303303304,0.0,0.846544879816735,-0.5323173550205486,1.2566370614359172,0.0,0.0
13.333333333333334,0.0,0.866025393909384,-0.5000000171040988,1.2566370614359172,0.0,0.0
13.363363363363364,0.0,0.8842727737860554,-0.4669707287836346,1.2566370614359172,0.0,0.0
13.393393393393394,0.0,0.9012610369886865,-0.4332765204878756,1.2566370614359172,0.0,0.0
13.423423423423424,0.0,0.9169659939164042,-0.39896536942559796,1.2566370614359172,0.0,0.0
13.453453453453454,0.0,0.931365282269114,-0.36408613127085293,1.2566370614359172,0.0,0.0
13.483483483483484,0.0,0.9444383988891961,-0.32868847059733325,1.2566370614359172,0.0,0.0
13.513513513513514,0.0,0.9561667289559694,-0.2928227901609505,1.2566370614359172,0.0,0.0
13.543543543543544,0.0,0.9665335724913461,-0.2565401591313115,1.2566370614359172,0.0,0.0
13.573573573573574,0.0,0.975524168138944,-0.2198922403742895,1.2566370614359172,0.0,0.0
13.603603603603604,0.0,0.9831257141827938,-0.18293121688922992,1.2566370614359172,0.0,0.0
13.633633633633634,0.0,0.9893273867757117,-0.14570971750553846,1.2566370614359172,0.0,0.0
13.663663663663664,0.0,0.9941203553513837,-0.10828074194445048,1.2566370614359172,0.0,0.0
13.693693693693694,0.0,0.9974977951982155,-0.07069758535268805,1.2566370614359172,0.0,0.0
13.723723723723724,0.0,0.9994548971770447,-0.033013762415459724,1.2566370614359172,0.0,0.0
13.753753753753754,0.0,0.9999888745688778,0.00471706884313966,1.2566370614359172,0.0,0.0
13.783783783783784,0.0,0.9990989670429007,0.0424411834638318,1.2566370614359172,0.0,0.0
13.813813813813814,0.0,0.9967864417391159,0.08010486605116324,1.2566370614359172,0.0,0.0
13.843843843843844,0.0,0.9930545914640586,0.11765448725889932,1.2566370614359172,0.0,0.0
13.873873873873874,0.0,0.9879087300021695,0.15503658015288996,1.2566370614359172,0.0,0.0
13.903903903903904,0.0,0.9813561845494914,0.19219791634267813,1.2566370614359172,0.0,0.0
13.933933933933934,0.0,0.97340628528047,0.22908558177344662,1.2566370614359172,0.0,0.0
13.963963963963964,0.0,0.9640703520627113,0.26564705207037864,1.2566370614359172,0.0,0.0
13.993993993993994,0.0,0.9533616783386122,0.30183026732815665,1.2566370614359172,0.0,0.0
14.024024024024024,0.0,0.9412955121968207,0.3375837062391002,1.2566370614359172,0.0,0.0
14.054054054054054,0.0,0.9278890346604676,0.3728564594543962,1.2566370614359172,0.0,0.0
14.084084084084084,0.0,0.9131613352230967,0.40759830207395753,1.2566370614359172,0.0,0.0
14.114114114114114,0.0,0.8971333846671204,0.4417597651616981,1.2566370614359172,0.0,0.0
14.144144144144144,0.0,0.8798280052035052,0.4752922061843878,1.2566370614359172,0.0,0.0
14.174174174174174,0.0,0.8612698379752101,0.5081478782737933,1.2566370614359172,0.0,0.0
14.204204204204204,0.0,0.8414853079706425,0.5402799982134779,1.2566370614359172,0.0,0.0
14.234234234234235,0.0,0.8205025863970988,0.5716428130534609,1.2566370614359172,0.0,0.0
14.264264264264265,0.0,0.7983515505677606,0.6021916652578772,1.2566370614359172,0.0,0.0
14.294294294294295,0.0,0.7750637413593646,0.6318830562928767,1.2566370614359172,0.0,0.0
14.324324324324325,0.0,0.7506723183011255,0.6606747085642193,1.2566370614359172,0.0,0.0
14.354354354354355,0.0,0.725212012358857,0.6885256256163741,1.2566370614359172,0.0,0.0
14.384384384384385,0.0,0.6987190764815231,0.7153961505074024,1.2566370614359172,0.0,0.0
14.414414414414415,0.0,0.671231233980636,0.7412480222765088,1.2566370614359172,0.0,0.0
14.444444444444445,0.0,0.6427876248160044,0.7660444304238513,1.2566370614359172,0.0,0.0
14.474474474474475,0.0,0.6134287498643158,0.7897500673250405,1.2566370614359172,0.0,0.0
14.504504504504505,0.0,0.583196413249907,0.8123311785056924,1.2566370614359172,0.0,0.0
14.534534534534535,0.0,0.5521336628198387,0.8337556107044509,1.2566370614359172,0.0,0.0
14.564564564564565,0.0,0.520284728848035,0.8539928576560399,1.2566370614359172,0.0,0.0
14.594594594594595,0.0,0.4876949610557626,0.8730141035291588,1.2566370614359172,0.0,0.0
14.624624624624625,0.0,0.4544107640381261,0.8907922639573658,1.2566370614359172,0.0,0.0
14.654654654654655,0.0,0.42047953118853265,0.9073020246045272,1.2566370614359172,0.0,0.0
14.684684684684685,0.0,0.38594957721520134,0.9225198772099221,1.2566370614359172,0.0,0.0
14.714714714714715,0.0,0.350870069345814,0.93642415306167,1.2566370614359172,0.0,0.0
14.744744744744745,0.0,0.3152909573182627,0.9489950538508279,1.2566370614359172,0.0,0.0
14.774774774774775,0.0,0.2792629022571791,0.960214679862217,1.2566370614359172,0.0,0.0
14.804804804804805,0.0,0.24283720453752167,0.9700670554618399,1.2566370614359172,0.0,0.0
14.834834834834835,0.0,0.20606573073793208,0.9785381518445997,1.2566370614359172,0.0,0.0
14.864864864864865,0.0,0.16900083978787497,0.9856159070099239,1.2566370614359172,0.0,0.0
14.894894894894895,0.0,0.1316953084137182,0.9912902429368592,1.2566370614359172,0.0,0.0
14.924924924924925,0.0,0.09420225598991237,0.9955530799341702,1.2566370614359172,0.0,0.0
14.954954954954955,0.0,0.05657506890227285,0.9983983481450197,1.2566370614359172,0.0,0.0
14.984984984984985,0.0,0.0188673245310648,0.9998219961898421,1.2566370614359172,0.0,0.0
15.015015015015015,0.0,-0.018867285037869382,0.9998219969351045,1.2566370614359172,0.0,0.0
15.045045045045045,0.0,-0.056575029465311816,0.9983983503797467,1.2566370614359172,0.0,0.0
15.075075075075075,0.0,-0.09420221666534007,0.9955530836551791,1.2566370614359172,0.0,0.0
15.105105105105105,0.0,-0.13169526925752886,0.9912902481388519,1.2566370614359172,0.0,0.0
15.135135135135135,0.0,-0.16900080085582306,0.9856159136854937,1.2566370614359172,0.0,0.0
15.165165165165165,0.0,-0.206065692085453,0.9785381599842407,1.2566370614359172,0.0,0.0
15.195195195195195,0.0,-0.24283716621965265,0.9700670650539623,1.2566370614359172,0.0,0.0
15.225225225225225,0.0,-0.27926286432848113,0.9602146908931631,1.2566370614359172,0.0,0.0
15.255255255255255,0.0,-0.3152909198327424,0.9489950663048904,1.2566370614359172,0.0,0.0
15.285285285285285,0.0,-0.3508700323568471,0.9364241669211153,1.2566370614359172,0.0,0.0
15.315315315315315,0.0,-0.3859495407754563,0.9225198924550162,1.2566370614359172,0.0,0.0
15.345345345345345,0.0,-0.4204794953498962,0.9073020412135626,1.2566370614359172,0.0,0.0
15.375375375375375,0.0,-0.45441072885162914,0.8907922819066929,1.2566370614359172,0.0,0.0
15.405405405405405,0.0,-0.487694926571507,0.8730141227932193,1.2566370614359172,0.0,0.0
15.435435435435435,0.0,-0.5202846951151232,0.8539928782074035,1.2566370614359172,0.0,0.0
15.465465465465465,0.0,-0.5521336298863022,0.8337556325138543,1.2566370614359172,0.0,0.0
15.495495495495495,0.0,-0.5831963811626406,0.8123312015420813,1.2566370614359172,0.0,0.0
15.525525525525525,0.0,-0.6134287186690085,0.7897500915556133,1.2566370614359172,0.0,0.0
15.555555555555555,0.0,-0.6427875945570749,0.7660444558141062,1.2566370614359172,0.0,0.0
15.585585585585585,0.0,-0.6712312047011701,0.741248048790293,1.2566370614359172,0.0,0.0
15.615615615615615,0.0,-0.6987190482232124,0.7153961781069631,1.2566370614359172,0.0,0.0
15.645645645645645,0.0,-0.7252119851619383,0.6885256542624119,1.2566370614359172,0.0,0.0
15.675675675675675,0.0,-0.7506722922043243,0.660674738215945,1.2566370614359172,0.0,0.0
15.705705705705705,0.0,-0.7750637163998401,0.6318830869080689,1.2566370614359172,0.0,0.0
15.735735735735735,0.0,-0.7983515267810528,0.602191696792943,1.2566370614359172,0.0,0.0
15.765765765765765,0.0,-0.8205025638170776,0.5716428454634973,1.2566370614359172,0.0,0.0
15.795795795795796,0.0,-0.8414852866294595,0.5402800314523365,1.2566370614359172,0.0,0.0
15.825825825825826,0.0,-0.8612698179032531,0.5081479122941455,1.2566370614359172,0.0,0.0
15.855855855855856,0.0,-0.8798279864293549,0.4752922409377917,1.2566370614359172,0.0,0.0
15.885885885885886,0.0,-0.8971333672175092,0.4417598005986677,1.2566370614359172,0.0,0.0
15.915915915915916,0.0,-0.9131613191228711,0.4075983381440347,1.2566370614359172,0.0,0.0
15.945945945945946,0.0,-0.9278890199325522,0.3728564961062206,1.2566370614359172,0.0,0.0
15.975975975975976,0.0,-0.9412954988621871,0.33758374342048386,1.2566370614359172,0.0,0.0
16.006006006006007,0.0,-0.9533616664162485,0.3018303049861544,1.2566370614359172,0.0,0.0
16.036036036036037,0.0,-0.9640703415695923,0.26564709015137156,1.2566370614359172,0.0,0.0
16.066066066066067,0.0,-0.9734062762315372,0.22908562022321094,1.2566370614359172,0.0,0.0
16.096096096096097,0.0,-0.9813561769576296,0.19219795510646542,1.2566370614359172,0.0,0.0
16.126126126126128,0.0,-0.9879087238781884,0.15503661917550376,1.2566370614359172,0.0,0.0
16.156156156156158,0.0,-0.9930545868166786,0.11765452648477576,1.2566370614359172,0.0,0.0
16.186186186186188,0.0,-0.9967864385749541,0.08010490542444904,1.2566370614359172,0.0,0.0
16.216216216216218,0.0,-0.9990989653664634,0.042441222928462585,1.2566370614359172,0.0,0.0
16.246246246246248,0.0,-0.9999888743825515,0.004717108342922438,1.2566370614359172,0.0,0.0
16.276276276276278,0.0,-0.9994548984810949,-0.03301372293676941,1.2566370614359172,0.0,0.0
16.306306306306308,0.0,-0.997497797990785,-0.07069754595130362,1.2566370614359172,0.0,0.0
16.336336336336338,0.0,-0.9941203596284961,-0.10828070267647544,1.2566370614359172,0.0,0.0
16.366366366366368,0.0,-0.9893273925312768,-0.1457096784268868,1.2566370614359172,0.0,0.0
16.396396396396398,0.0,-0.9831257214086163,-0.18293117805554565,1.2566370614359172,0.0,0.0
16.426426426426428,0.0,-0.9755241768247349,-0.219892201840868,1.2566370614359172,0.0,0.0
16.456456456456458,0.0,-0.966533582624738,-0.2565401209530206,1.2566370614359172,0.0,0.0
16.486486486486488,0.0,-0.9561667405225335,-0.292822752392152,1.2566370614359172,0.0,0.0
16.516516516516518,0.0,-0.9444384118724624,-0.3286884332918065,1.2566370614359172,0.0,0.0
16.546546546546548,0.0,-0.9313652966505952,-0.364086094481717,1.2566370614359172,0.0,0.0
16.576576576576578,0.0,-0.9169660096756233,-0.3989653332052372,1.2566370614359172,0.0,0.0
16.606606606606608,0.0,-0.9012610541032038,-0.4332764848878638,1.2566370614359172,0.0,0.0
16.636636636636638,0.0,-0.8842727922315012,-0.46697069385466317,1.2566370614359172,0.0,0.0
16.666666666666668,0.0,-0.866025413659494,-0.4999999828959027,1.2566370614359172,0.0,0.0
16.696696696696698,0.0,-0.8465449008433868,-0.5323173215818371,1.2566370614359172,0.0,0.0
16.726726726726728,0.0,-0.8258589921001702,-0.5638766932293718,1.2566370614359172,0.0,0.0
16.756756756756758,0.0,-0.8039971421110114,-0.5946331604252546,1.2566370614359172,0.0,0.0
16.786786786786788,0.0,-0.7809904799807094,-0.6245429290124915,1.2566370614359172,0.0,0.0
16.816816816816818,0.0,-0.7568717649129412,-0.6535634104488791,1.2566370614359172,0.0,0.0
16.846846846846848,0.0,-0.7316753395644057,-0.6816532824488649,1.2566370614359172,0.0,0.0
16.876876876876878,0.0,-0.7054370811442892,-0.7087725478223785,1.2566370614359172,0.0,0.0
16.906906906906908,0.0,-0.6781943503286788,-0.7348825914268629,1.2566370614359172,0.0,0.0
16.936936936936938,0.0,-0.649985938062669,-0.7599462351514036,1.2566370614359172,0.0,0.0
16.966966966966968,0.0,-0.6208520103259044,-0.7839277908546701,1.2566370614359172,0.0,0.0
16.996996996996998,0.0,-0.5908340509402117,-0.8067931111812864,1.2566370614359172,0.0,0.0
17.027027027027028,0.0,-0.5599748025007528,-0.8285096381842777,1.2566370614359172,0.0,0.0
17.057057057057058,0.0,-0.5283182055148133,-0.849046449684355,1.2566370614359172,0.0,0.0
17.087087087087088,0.0,-0.49590933583487856,-0.8683743033000284,1.2566370614359172,0.0,0.0
17.117117117117118,0.0,-0.46279434047509466,-0.8864656780858592,1.2566370614359172,0.0,0.0
17.147147147147148,0.0,-0.4290203719024995,-0.9032948137195522,1.2566370614359172,0.0,0.0
17.177177177177178,0.0,-0.39463552089658843,-0.9188377471821004,1.2566370614359172,0.0,0.0
17.207207207207208,0.0,-0.3596887480728182,-0.9330723468787444,1.2566370614359172,0.0,0.0
17.237237237237238,0.0,-0.3242298141675483,-0.9459783441521676,1.2566370614359172,0.0,0.0
17.26726726726727,0.0,-0.2883092091836912,-0.9575373621430521,1.2566370614359172,0.0,0.0
17.2972972972973,0.0,-0.25197808049795817,-0.9677329419569038,1.2566370614359172,0.0,0.0
17.32732732732733,0.0,-0.21528816003207238,-0.9765505660998843,1.2566370614359172,0.0,0.0
17.35735735735736,0.0,-0.17829169059164435,-0.983977679150281,1.2566370614359172,0.0,0.0
17.38738738738739,0.0,-0.1410413514776024,-0.9900037056361819,1.2566370614359172,0.0,0.0
17.41741741741742,0.0,-0.10359018347609604,-0.9946200650938973,1.2566370614359172,0.0,0.0
17.44744744744745,0.0,-0.06599151333367997,-0.9978201842856913,1.2566370614359172,0.0,0.0
17.47747747747748,0.0,-0.028298877825319365,-0.9995995065594158,1.2566370614359172,0.0,0.0
17.50750750750751,0.0,0.009434052476664593,-0.9999554983367346,1.2566370614359172,0.0,0.0
17.53753753753754,0.0,0.047153549624163564,-0.9988876527206858,1.2566370614359172,0.0,0.0
17.56756756756757,0.0,0.08480590479654807,-0.9963974902174527,1.2566370614359172,0.0,0.0
17.5975975975976,0.0,0.12233750477669794,-0.9924885565713145,1.2566370614359172,0.0,0.0
17.62762762762763,0.0,0.15969490829090302,-0.9871664177158584,1.2566370614359172,0.0,0.0
17.65765765765766,0.0,0.19682492210393324,-0.9804386518486413,1.2566370614359172,0.0,0.0
17.68768768768769,0.0,0.2336746767609265,-0.9723148386405907,1.2566370614359172,0.0,0.0
17.71771771771772,0.0,0.27019170186824615,-0.9628065455955015,1.2566370614359172,0.0,0.0
17.74774774774775,0.0,0.3063240008061135,-0.9519273115790609,1.2566370614359172,0.0,0.0
17.77777777777778,0.0,0.34202012476663507,-0.9396926275408453,1.2566370614359172,0.0,0.0
17.80780780780781,0.0,0.37722924601179886,-0.9261199144567468,1.2566370614359172,0.0,0.0
17.83783783783784,0.0,0.4119012302471289,-0.9112284985232323,1.2566370614359172,0.0,0.0
17.86786786786787,0.0,0.44598670800794527,-0.8950395836387562,1.2566370614359172,0.0,0.0
17.8978978978979,0.0,0.4794371449565824,-0.8775762212115158,1.2566370614359172,0.0,0.0
17.92792792792793,0.0,0.5122049109904697,-0.8588632773365312,1.2566370614359172,0.0,0.0
17.95795795795796,0.0,0.5442433480626704,-0.8389273973887948,1.2566370614359172,0.0,0.0
17.98798798798799,0.0,0.5755068366183101,-0.8177969680829027,1.2566370614359172,0.0,0.0
18.01801801801802,0.0,0.6059508605522951,-0.7955020770531878,1.2566370614359172,0.0,0.0
18.04804804804805,0.0,0.635532070595829,-0.7720744700119161,1.2566370614359172,0.0,0.0
18.07807807807808,0.0,0.6642083460414693,-0.7475475055465428,1.2566370614359172,0.0,0.0
18.10810810810811,0.0,0.6919388547188344,-0.7219561076203944,1.2566370614359172,0.0,0.0
18.13813813813814,0.0,0.7186841111355627,-0.6953367158444096,1.2566370614359172,0.0,0.0
18.16816816816817,0.0,0.7444060327007339,-0.6677272335907508,1.2566370614359172,0.0,0.0
18.1981981981982,0.0,0.7690679939507,-0.6391669740221635,1.2566370614359172,0.0,0.0
18.22822822822823,0.0,0.792634878700111,-0.6096966041139342,1.2566370614359172,0.0,0.0
18.25825825825826,0.0,0.815073130043877,-0.5793580867481524,1.2566370614359172,0.0,0.0
18.28828828828829,0.0,0.8363507981388731,-0.548194620962731,1.2566370614359172,0.0,0.0
18.31831831831832,0.0,0.8564375856973411,-0.516250580440266,1.2566370614359172,0.0,0.0
18.34834834834835,0.0,0.8753048911272246,-0.483571450324313,1.2566370614359172,0.0,0.0
18.37837837837838,0.0,0.8929258492579958,-0.4502037624530573,1.2566370614359172,0.0,0.0
18.40840840840841,0.0,0.9092753695939919,-0.4161950291025964,1.2566370614359172,0.0,0.0
18.43843843843844,0.0,0.9243301720407923,-0.38159367533417127,1.2566370614359172,0.0,0.0
18.46846846846847,0.0,0.9380688200537614,-0.34644897004168645,1.2566370614359172,0.0,0.0
18.4984984984985,0.0,0.9504717511615621,-0.3108109557976935,1.2566370614359172,0.0,0.0
18.52852852852853,0.0,0.9615213048211713,-0.27473037759773516,1.2566370614359172,0.0,0.0
18.55855855855856,0.0,0.9712017475647433,-0.23825861060450731,1.2566370614359172,0.0,0.0
18.58858858858859,0.0,0.9794992954025054,-0.20144758699472515,1.2566370614359172,0.0,0.0
18.61861861861862,0.0,0.9864021334497906,-0.1643497220128579,1.2566370614359172,0.0,0.0
18.64864864864865,0.0,0.9919004327502619,-0.12701783933702238,1.2566370614359172,0.0,0.0
18.67867867867868,0.0,0.9959863642713699,-0.08950509586330774,1.2566370614359172,0.0,0.0
18.70870870870871,0.0,0.9986541100521197,-0.05186490601563043,1.2566370614359172,0.0,0.0
18.73873873873874,0.0,0.9998998714872683,-0.014150865688895342,1.2566370614359172,0.0,0.0
18.76876876876877,0.0,0.9997218747361627,0.023583324066239142,1.2566370614359172,0.0,0.0
18.7987987987988,0.0,0.9981203732485113,0.061283933508328614,1.2566370614359172,0.0,0.0
18.82882882882883,0.0,0.995097647403499,0.09889728071096138,1.2566370614359172,0.0,0.0
18.85885885885886,0.0,0.9906580012627514,0.13636980800049514,1.2566370614359172,0.0,0.0
18.88888888888889,0.0,0.9848077564417792,0.17364815821686846,1.2566370614359172,0.0,0.0
18.91891891891892,0.0,0.9775552431086252,0.2106792506889023,1.2566370614359172,0.0,0.0
18.94894894894895,0.0,0.9689107881225316,0.24741035681590745,1.2566370614359172,0.0,0.0
18.97897897897898,0.0,0.9588867003295175,0.2837891751479786,1.2566370614359172,0.0,0.0
19.00900900900901,0.0,0.9474972530358023,0.31976390585806974,1.2566370614359172,0.0,0.0
19.03903903903904,0.0,0.934758663684036,0.35528332449980665,1.2566370614359172,0.0,0.0
19.06906906906907,0.0,0.9206890707612694,0.39029685494601474,1.2566370614359172,0.0,0.0
19.0990990990991,0.0,0.905308507971548,0.42475464140410474,1.2566370614359172,0.0,0.0
19.12912912912913,0.0,0.8886388757099072,0.4586076194057749,1.2566370614359172,0.0,0.0
19.15915915915916,0.0,0.8707039098783815,0.49180758566994354,1.2566370614359172,0.0,0.0
19.18918918918919,0.0,0.851529148088438,0.5243072667394371,1.2566370614359172,0.0,0.0
19.21921921921922,0.0,0.8311418932979479,0.5560603862937037,1.2566370614359172,0.0,0.0
19.24924924924925,0.0,0.8095711749344882,0.587021731041699,1.2566370614359172,0.0,0.0
19.27927927927928,0.0,0.7868477075603161,0.6171472151011266,1.2566370614359172,0.0,0.0
19.30930930930931,0.0,0.7630038471378796,0.6463939427723592,1.2566370614359172,0.0,0.0
19.33933933933934,0.0,0.7380735449581391,0.6747202696176589,1.2566370614359172,0.0,0.0
19.36936936936937,0.0,0.7120922992972992,0.7020858617587211,1.2566370614359172,0.0,0.0
19.3993993993994,0.0,0.6850971048707836,0.7284517533081176,1.2566370614359172,0.0,0.0
19.42942942942943,0.0,0.6571264001564349,0.7537804018528508,1.2566370614359172,0.0,0.0
19.45945945945946,0.0,0.6282200126619345,0.7780357419110253,1.2566370614359172,0.0,0.0
19.48948948948949,0.0,0.598419102214385,0.8011832362855146,1.2566370614359172,0.0,0.0
19.51951951951952,0.0,0.5677661023528003,0.8231899252415023,1.2566370614359172,0.0,0.0
19.54954954954955,0.0,0.5363046599069599,0.8440244734378742,1.2566370614359172,0.0,0.0
19.57957957957958,0.0,0.5040795728486509,0.8636572145456336,1.2566370614359172,0.0,0.0
19.60960960960961,0.0,0.4711367265038048,0.882060193489809,1.2566370614359172,0.0,0.0
19.63963963963964,0.0,0.43752302821634664,0.8992072062547091,1.2566370614359172,0.0,0.0
19.66966966966967,0.0,0.40328634055679147,0.9150738371958369,1.2566370614359172,0.0,0.0
19.6996996996997,0.0,0.3684754131706938,0.9296374938053478,1.2566370614359172,0.0,0.0
19.72972972972973,0.0,0.3331398133639919,0.9428774388815372,1.2566370614359172,0.0,0.0
19.75975975975976,0.0,0.2973298555240811,0.9547748200565571,1.2566370614359172,0.0,0.0
19.78978978978979,0.0,0.26109652947712114,0.9653126966403192,1.2566370614359172,0.0,0.0
19.81981981981982,0.0,0.22449142788358292,0.9744760637423538,1.2566370614359172,0.0,0.0
19.84984984984985,0.0,0.18756667277542052,0.9822518736372869,1.2566370614359172,0.0,0.0
19.87987987987988,0.0,0.15037484133947007,0.9886290543435042,1.2566370614359172,0.0,0.0
19.90990990990991,0.0,0.11296889105275383,0.9935985253885562,1.2566370614359172,0.0,0.0
19.93993993993994,0.0,0.07540208427628793,0.9971532107388481,1.2566370614359172,0.0,0.0
19.96996996996997,0.0,0.037727912414766786,0.9992880488752106,1.2566370614359172,0.0,0.0
20.0,0.0,1.975011069987355e-08,1.0000000000000004,1.2566370614359172,0.0,0.0
20.03003003003003,0.0,-0.037727872942667565,0.9992880503654702,1.2566370614359172,0.0,0.0
20.06006006006006,0.0,-0.07540204488851522,0.9971532137172454,1.2566370614359172,0.0,0.0
20.09009009009009,0.0,-0.11296885180539183,0.9935985298508504,1.2566370614359172,0.0,0.0
20.12012012012012,0.0,-0.15037480228840325,0.9886290602833417,1.2566370614359172,0.0,0.0
20.15015015015015,0.0,-0.18756663397625364,0.9822518810462098,1.2566370614359172,0.0,0.0
20.18018018018018,0.0,-0.22449138939156224,0.9744760726098127,1.2566370614359172,0.0,0.0
20.21021021021021,0.0,-0.26109649134705537,0.9653127069536879,1.2566370614359172,0.0,0.0
20.24024024024024,0.0,-0.29732981781026363,0.9547748318011502,1.2566370614359172,0.0,0.0
20.27027027027027,0.0,-0.33313977612012347,0.9428774520406317,1.2566370614359172,0.0,0.0
20.3003003003003,0.0,-0.3684753764498061,0.9296375083602064,1.2566370614359172,0.0,0.0
20.33033033033033,0.0,-0.40328630441117125,0.9150738531257356,1.2566370614359172,0.0,0.0
20.36036036036036,0.0,-0.4375229926974621,0.8992072235369648,1.2566370614359172,0.0,0.0
20.39039039039039,0.0,-0.4711366916622311,0.8820602120998141,1.2566370614359172,0.0,0.0
20.42042042042042,0.0,-0.5040795387339987,0.8636572344568884,1.2566370614359172,0.0,0.0
20.45045045045045,0.0,-0.5363046265678055,0.844024494622027,1.2566370614359172,0.0,0.0
20.48048048048048,0.0,-0.5677660698366154,0.8231899476683887,1.2566370614359172,0.0,0.0
20.51051051051051,0.0,-0.5984190705674689,0.8011832599232015,1.2566370614359172,0.0,0.0
20.54054054054054,0.0,-0.62821998192935,0.7780357667258548,1.2566370614359172,0.0,0.0
20.57057057057057,0.0,-0.6571263703819418,0.7537804278094892,1.2566370614359172,0.0,0.0
20.6006006006006,0.0,-0.6850970760967777,0.7284517803696055,1.2566370614359172,0.0,0.0
20.63063063063063,0.0,-0.7120922715647516,0.7020858898865252,1.2566370614359172,0.0,0.0
20.66066066066066,0.0,-0.7380735183065387,0.6747202987717276,1.2566370614359172,0.0,0.0
20.69069069069069,0.0,-0.763003821605175,0.6463939729111804,1.2566370614359172,0.0,0.0
20.72072072072072,0.0,-0.7868476831828637,0.617147246181785,1.2566370614359172,0.0,0.0
20.75075075075075,0.0,-0.8095711517469992,0.5870217630199395,1.2566370614359172,0.0,0.0
20.78078078078078,0.0,-0.8311418713334389,0.5560604191239925,1.2566370614359172,0.0,0.0
20.81081081081081,0.0,-0.8515291273781842,0.5243073003750274,1.2566370614359172,0.0,0.0
20.84084084084084,0.0,-0.8707038904518729,0.4918076200629414,1.2566370614359172,0.0,0.0
20.87087087087087,0.0,-0.8886388575948042,0.45860765450720814,1.2566370614359172,0.0,0.0
20.9009009009009,0.0,-0.905308491193645,0.4247546771639922,1.2566370614359172,0.0,0.0
20.93093093093093,0.0,-0.9206890553444566,0.3902968913134375,1.2566370614359172,0.0,0.0
20.96096096096096,0.0,-0.9347586496502656,0.3552833614229818,1.2566370614359172,0.0,0.0
20.99099099099099,0.0,-0.9474972404050567,0.319763943284422,1.2566370614359172,0.0,0.0
21.02102102102102,0.0,-0.9588866891197816,0.28378921302421667,1.2566370614359172,0.0,0.0
21.05105105105105,0.0,-0.968910778349767,0.24741039508809937,1.2566370614359172,0.0,0.0
21.08108108108108,0.0,-0.9775552347867468,0.21067928930255236,1.2566370614359172,0.0,0.0
21.11111111111111,0.0,-0.9848077495826368,0.17364819711699442,1.2566370614359172,0.0,0.0
21.14114114114114,0.0,-0.990657995876112,0.13636984713170652,1.2566370614359172,0.0,0.0
21.17117117117117,0.0,-0.9950976434970328,0.09889732001754004,1.2566370614359172,0.0,0.0
21.2012012012012,0.0,-0.998120370827781,0.06128397293430554,1.2566370614359172,0.0,0.0
21.23123123123123,0.0,-0.9997218738046147,0.023583363555475745,1.2566370614359172,0.0,0.0
21.26126126126126,0.0,-0.9998998720462293,-0.014150826192627641,1.2566370614359172,0.0,0.0
21.29129129129129,0.0,-0.9986541121007934,-0.05186486656857037,1.2566370614359172,0.0,0.0
21.32132132132132,0.0,-0.9959863678068391,-0.08950505652162394,1.2566370614359172,0.0,0.0
21.35135135135135,0.0,-0.9919004377674924,-0.1270178001567337,1.2566370614359172,0.0,0.0
21.38138138138138,0.0,-0.986402139941639,-0.1643496830497529,1.2566370614359172,0.0,0.0
21.41141141141141,0.0,-0.979499303359728,-0.20144754830428385,1.2566370614359172,0.0,0.0
21.44144144144144,0.0,-0.9712017569760096,-0.23825857224182106,1.2566370614359172,0.0,0.0
21.47147147147147,0.0,-0.9615213156730804,-0.27473033961742893,1.2566370614359172,0.0,0.0
21.5015015015015,0.0,-0.9504717634386619,-0.3108109182538472,1.2566370614359172,0.0,0.0
21.53153153153153,0.0,-0.9380688337385709,-0.34644893298775853,1.2566370614359172,0.0,0.0
21.56156156156156,0.0,-0.924330187113825,-0.3815936388229236,1.2566370614359172,0.0,0.0
21.59159159159159,0.0,-0.9092753860337859,-0.41619499318601677,1.2566370614359172,0.0,0.0
21.62162162162162,0.0,-0.8929258670411422,-0.4502037271822874,1.2566370614359172,0.0,0.0
21.65165165165165,0.0,-0.8753049102284027,-0.48357141574957435,1.2566370614359172,0.0,0.0
21.68168168168168,0.0,-0.8564376060893519,-0.5162505466107898,1.2566370614359172,0.0,0.0
21.71171171171171,0.0,-0.8363508197926807,-0.5481945879266874,1.2566370614359172,0.0,0.0
21.74174174174174,0.0,-0.8150731529286488,-0.5793580545525807,1.2566370614359172,0.0,0.0
21.77177177177177,0.0,-0.7926349027832607,-0.6096965728046788,1.2566370614359172,0.0,0.0
21.8018018018018,0.0,-0.7690680191979358,-0.6391669436438052,1.2566370614359172,0.0,0.0
21.83183183183183,0.0,-0.7444060590761064,-0.6677272041865451,1.2566370614359172,0.0,0.0
21.86186186186186,0.0,-0.718684138601516,-0.6953366874562253,1.2566370614359172,0.0,0.0
21.89189189189189,0.0,-0.6919388832362602,-0.721956080288654,1.2566370614359172,0.0,0.0
21.92192192192192,0.0,-0.6642083755697612,-0.7475474793101636,1.2566370614359172,0.0,0.0
21.95195195195195,0.0,-0.635532101092942,-0.7720744449082557,1.2566370614359172,0.0,0.0
21.98198198198198,0.0,-0.6059508919748042,-0.7955020531179917,1.2566370614359172,0.0,0.0
22.01201201201201,0.0,-0.5755068689214726,-0.8177969453502526,1.2566370614359172,0.0,0.0
22.04204204204204,0.0,-0.5442433812004901,-0.8389273758910596,1.2566370614359172,0.0,0.0
22.07207207207207,0.0,-0.5122049449157614,-0.8588632571043209,1.2566370614359172,0.0,0.0
22.1021021021021,0.0,-0.4794371796210394,-0.8775762022736395,1.2566370614359172,0.0,0.0
22.13213213213213,0.0,-0.445986743362209,-0.8950395660221797,1.2566370614359172,0.0,0.0
22.16216216216216,0.0,-0.4119012662408588,-0.9112284822530395,1.2566370614359172,0.0,0.0
22.19219219219219,0.0,-0.37722928259374305,-0.9261198995561053,1.2566370614359172,0.0,0.0
22.22222222222222,0.0,-0.34202016188470435,-0.939692614030972,1.2566370614359172,0.0,0.0
22.25225225225225,0.0,-0.3063240384074556,-0.9519272994791927,1.2566370614359172,0.0,0.0
22.28228228228228,0.0,-0.2701917398993204,-0.9628065349228675,1.2566370614359172,0.0,0.0
22.31231231231231,0.0,-0.23367471516758068,-0.9723148294103875,1.2566370614359172,0.0,0.0
22.34234234234234,0.0,-0.1968249608314799,-0.9804386440740117,1.2566370614359172,0.0,0.0
22.37237237237237,0.0,-0.15969494728419803,-0.9871664114078724,1.2566370614359172,0.0,0.0
22.4024024024024,0.0,-0.12233754398021877,-0.9924885517389548,1.2566370614359172,0.0,0.0
22.43243243243243,0.0,-0.08480594415447268,-0.9963974868675997,1.2566370614359172,0.0,0.0
22.46246246246246,0.0,-0.047153589080450184,-0.9988876508581095,1.2566370614359172,0.0,0.0
22.49249249249249,0.0,-0.009434091975131367,-0.9999554979640871,1.2566370614359172,0.0,0.0
22.52252252252252,0.0,0.02829883834091433,-0.9995995076772276,1.2566370614359172,0.0,0.0
22.55255255255255,0.0,0.06599147391955851,-0.9978201868923706,1.2566370614359172,0.0,0.0
22.58258258258258,0.0,0.10359014418838004,-0.9946200691857326,1.2566370614359172,0.0,0.0
22.61261261261261,0.0,0.1410413123722336,-0.9900037112073464,1.2566370614359172,0.0,0.0
22.64264264264264,0.0,0.17829165172430497,-0.9839776861928426,1.2566370614359172,0.0,0.0
22.67267267267267,0.0,0.21528812145810558,-0.9765505746038151,1.2566370614359172,0.0,0.0
22.7027027027027,0.0,0.2519780422722896,-0.9677329519100946,1.2566370614359172,0.0,0.0
22.73273273273273,0.0,0.2883091713607501,-0.9575373735313306,1.2566370614359172,0.0,0.0
22.762762762762762,0.0,0.32422977680119114,-0.9459783569593178,1.2566370614359172,0.0,0.0
22.792792792792792,0.0,0.3596887112162508,-0.9330723610865304,1.2566370614359172,0.0,0.0
22.822822822822822,0.0,0.3946354846022908,-0.9188377627702919,1.2566370614359172,0.0,0.0
22.852852852852852,0.0,0.4290203362221511,-0.9032948306659532,1.2566370614359172,0.0,0.0
22.882882882882882,0.0,0.46279430545950107,-0.8864656963663389,1.2566370614359172,0.0,0.0
22.912912912912912,0.0,0.49590930153389823,-0.8683743228885576,1.2566370614359172,0.0,0.0
22.942942942942942,0.0,0.5283181719772874,-0.8490464705530415,1.2566370614359172,0.0,0.0
22.972972972972972,0.0,0.5599747697744354,-0.8285096603034073,1.2566370614359172,0.0,0.0
23.003003003003002,0.0,0.590834019071702,-0.8067931345193627,1.2566370614359172,0.0,0.0
23.033033033033032,0.0,0.6208519793605799,-0.783927815378462,1.2566370614359172,0.0,0.0
23.063063063063062,0.0,0.6499859080446212,-0.7599462608259925,1.2566370614359172,0.0,0.0
23.093093093093092,0.0,0.678194321300651,-0.7348826182156905,1.2566370614359172,0.0,0.0
23.123123123123122,0.0,0.705437053147614,-0.7087725756873,1.2566370614359172,0.0,0.0
23.153153153153152,0.0,0.7316753126389478,-0.681653311350203,1.2566370614359172,0.0,0.0
23.183183183183182,0.0,0.7568717390970391,-0.653563440345482,1.2566370614359172,0.0,0.0
23.213213213213212,0.0,0.7809904553111227,-0.6245429598617889,1.2566370614359172,0.0,0.0
23.243243243243242,0.0,0.8039971186228669,-0.5946331921833206,1.2566370614359172,0.0,0.0
23.273273273273272,0.0,0.8258589698269131,-0.5638767258509857,1.2566370614359172,0.0,0.0
23.303303303303302,0.0,0.8465448798167318,-0.5323173550205492,1.2566370614359172,0.0,0.0
23.333333333333332,0.0,0.8660253939093807,-0.5000000171040994,1.2566370614359172,0.0,0.0
23.363363363363362,0.0,0.8842727737860523,-0.46697072878363527,1.2566370614359172,0.0,0.0
23.393393393393392,0.0,0.9012610369886834,-0.4332765204878758,1.2566370614359172,0.0,0.0
23.423423423423422,0.0,0.9169659939164012,-0.3989653694255982,1.2566370614359172,0.0,0.0
23.453453453453452,0.0,0.931365282269111,-0.3640861312708531,1.2566370614359172,0.0,0.0
23.483483483483482,0.0,0.9444383988891933,-0.3286884705973335,1.2566370614359172,0.0,0.0
23.513513513513512,0.0,0.9561667289559669,-0.292822790160951,1.2566370614359172,0.0,0.0
23.543543543543542,0.0,0.9665335724913432,-0.25654015913131173,1.2566370614359172,0.0,0.0
23.573573573573572,0.0,0.9755241681389409,-0.21989224037428956,1.2566370614359172,0.0,0.0
23.603603603603602,0.0,0.983125714182791,-0.18293121688922992,1.2566370614359172,0.0,0.0
23.633633633633632,0.0,0.9893273867757093,-0.14570971750553863,1.2566370614359172,0.0,0.0
23.663663663663662,0.0,0.9941203553513814,-0.10828074194445042,1.2566370614359172,0.0,0.0
23.693693693693692,0.0,0.9974977951982136,-0.07069758535268778,1.2566370614359172,0.0,0.0
23.723723723723722,0.0,0.9994548971770428,-0.033013762415459946,1.2566370614359172,0.0,0.0
23.753753753753752,0.0,0.9999888745688758,0.004717068843139383,1.2566370614359172,0.0,0.0
23.783783783783782,0.0,0.9990989670428987,0.04244118346383152,1.2566370614359172,0.0,0.0
23.813813813813812,0.0,0.9967864417391135,0.08010486605116296,1.2566370614359172,0.0,0.0
23.843843843843842,0.0,0.9930545914640562,0.1176544872588991,1.2566370614359172,0.0,0.0
23.873873873873872,0.0,0.9879087300021674,0.15503658015288996,1.2566370614359172,0.0,0.0
23.903903903903903,0.0,0.981356184549489,0.1921979163426783,1.2566370614359172,0.0,0.0
23.933933933933933,0.0,0.9734062852804677,0.2290855817734465,1.2566370614359172,0.0,0.0
23.963963963963963,0.0,0.964070352062709,0.26564705207037853,1.2566370614359172,0.0,0.0
23.993993993993993,0.0,0.9533616783386104,0.30183026732815654,1.2566370614359172,0.0,0.0
24.024024024024023,0.0,0.9412955121968186,0.33758370623910033,1.2566370614359172,0.0,0.0
24.054054054054053,0.0,0.9278890346604657,0.37285645945439605,1.2566370614359172,0.0,0.0
24.084084084084083,0.0,0.913161335223095,0.40759830207395714,1.2566370614359172,0.0,0.0
24.114114114114113,0.0,0.8971333846671187,0.44175976516169774,1.2566370614359172,0.0,0.0
24.144144144144143,0.0,0.8798280052035035,0.4752922061843875,1.2566370614359172,0.0,0.0
24.174174174174173,0.0,0.8612698379752082,0.5081478782737927,1.2566370614359172,0.0,0.0
24.204204204204203,0.0,0.8414853079706407,0.5402799982134772,1.2566370614359172,0.0,0.0
24.234234234234233,0.0,0.8205025863970976,0.5716428130534599,1.2566370614359172,0.0,0.0
24.264264264264263,0.0,0.7983515505677594,0.6021916652578764,1.2566370614359172,0.0,0.0
24.294294294294293,0.0,0.7750637413593641,0.6318830562928757,1.2566370614359172,0.0,0.0
24.324324324324323,0.0,0.7506723183011252,0.6606747085642184,1.2566370614359172,0.0,0.0
24.354354354354353,0.0,0.7252120123588569,0.688525625616373,1.2566370614359172,0.0,0.0
24.384384384384383,0.0,0.698719076481523,0.7153961505074011,1.2566370614359172,0.0,0.0
24.414414414414413,0.0,0.671231233980636,0.7412480222765073,1.2566370614359172,0.0,0.0
24.444444444444443,0.0,0.6427876248160045,0.7660444304238494,1.2566370614359172,0.0,0.0
24.474474474474473,0.0,0.6134287498643163,0.7897500673250384,1.2566370614359172,0.0,0.0
24.504504504504503,0.0,0.583196413249907,0.8123311785056905,1.2566370614359172,0.0,0.0
24.534534534534533,0.0,0.5521336628198389,0.8337556107044496,1.2566370614359172,0.0,0.0
24.564564564564563,0.0,0.5202847288480353,0.8539928576560389,1.2566370614359172,0.0,0.0
24.594594594594593,0.0,0.4876949610557627,0.8730141035291581,1.2566370614359172,0.0,0.0
24.624624624624623,0.0,0.4544107640381263,0.8907922639573645,1.2566370614359172,0.0,0.0
24.654654654654653,0.0,0.4204795311885327,0.9073020246045265,1.2566370614359172,0.0,0.0
24.684684684684683,0.0,0.3859495772152017,0.9225198772099211,1.2566370614359172,0.0,0.0
24.714714714714713,0.0,0.35087006934581455,0.9364241530616689,1.2566370614359172,0.0,0.0
24.744744744744743,0.0,0.31529095731826334,0.948995053850827,1.2566370614359172,0.0,0.0
24.774774774774773,0.0,0.27926290225717965,0.9602146798622159,1.2566370614359172,0.0,0.0
24.804804804804803,0.0,0.24283720453752233,0.9700670554618386,1.2566370614359172,0.0,0.0
24.834834834834833,0.0,0.20606573073793288,0.9785381518445981,1.2566370614359172,0.0,0.0
24.864864864864863,0.0,0.16900083978787592,0.9856159070099229,1.2566370614359172,0.0,0.0
24.894894894894893,0.0,0.13169530841371924,0.9912902429368581,1.2566370614359172,0.0,0.0
24.924924924924923,0.0,0.09420225598991336,0.9955530799341694,1.2566370614359172,0.0,0.0
24.954954954954953,0.0,0.05657506890227382,0.9983983481450192,1.2566370614359172,0.0,0.0
24.984984984984983,0.0,0.01886732453106577,0.9998219961898415,1.2566370614359172,0.0,0.0
25.015015015015013,0.0,-0.018867285037868387,0.9998219969351044,1.2566370614359172,0.0,0.0
25.045045045045043,0.0,-0.05657502946531081,0.9983983503797467,1.2566370614359172,0.0,0.0
25.075075075075073,0.0,-0.09420221666533901,0.9955530836551796,1.2566370614359172,0.0,0.0
25.105105105105103,0.0,-0.1316952692575279,0.9912902481388527,1.2566370614359172,0.0,0.0
25.135135135135133,0.0,-0.1690008008558221,0.9856159136854941,1.2566370614359172,0.0,0.0
25.165165165165163,0.0,-0.20606569208545203,0.9785381599842409,1.2566370614359172,0.0,0.0
25.195195195195193,0.0,-0.2428371662196517,0.9700670650539623,1.2566370614359172,0.0,0.0
25.225225225225223,0.0,-0.27926286432847996,0.9602146908931629,1.2566370614359172,0.0,0.0
25.255255255255253,0.0,-0.31529091983274127,0.9489950663048903,1.2566370614359172,0.0,0.0
25.285285285285283,0.0,-0.35087003235684633,0.9364241669211157,1.2566370614359172,0.0,0.0
25.315315315315313,0.0,-0.38594954077545546,0.9225198924550162,1.2566370614359172,0.0,0.0
25.345345345345343,0.0,-0.4204794953498952,0.9073020412135626,1.2566370614359172,0.0,0.0
25.375375375375373,0.0,-0.4544107288516278,0.8907922819066925,1.2566370614359172,0.0,0.0
25.405405405405403,0.0,-0.4876949265715055,0.8730141227932188,1.2566370614359172,0.0,0.0
25.435435435435434,0.0,-0.5202846951151217,0.853992878207403,1.2566370614359172,0.0,0.0
25.465465465465464,0.0,-0.5521336298863009,0.8337556325138538,1.2566370614359172,0.0,0.0
25.495495495495494,0.0,-0.583196381162639,0.8123312015420809,1.2566370614359172,0.0,0.0
25.525525525525524,0.0,-0.6134287186690068,0.7897500915556135,1.2566370614359172,0.0,0.0
25.555555555555554,0.0,-0.6427875945570737,0.7660444558141066,1.2566370614359172,0.0,0.0
25.585585585585584,0.0,-0.6712312047011688,0.7412480487902933,1.2566370614359172,0.0,0.0
25.615615615615614,0.0,-0.6987190482232111,0.7153961781069631,1.2566370614359172,0.0,0.0
25.645645645645647,0.0,-0.7252119851619397,0.688525654262409,1.2566370614359172,0.0,0.0
25.675675675675677,0.0,-0.7506722922043256,0.6606747382159422,1.2566370614359172,0.0,0.0
25.705705705705707,0.0,-0.7750637163998414,0.6318830869080663,1.2566370614359172,0.0,0.0
25.735735735735737,0.0,-0.7983515267810538,0.6021916967929408,1.2566370614359172,0.0,0.0
25.765765765765767,0.0,-0.8205025638170784,0.5716428454634954,1.2566370614359172,0.0,0.0
25.795795795795797,0.0,-0.8414852866294602,0.5402800314523348,1.2566370614359172,0.0,0.0
25.825825825825827,0.0,-0.8612698179032537,0.5081479122941438,1.2566370614359172,0.0,0.0
25.855855855855857,0.0,-0.8798279864293552,0.4752922409377903,1.2566370614359172,0.0,0.0
25.885885885885887,0.0,-0.897133367217509,0.4417598005986667,1.2566370614359172,0.0,0.0
25.915915915915917,0.0,-0.9131613191228709,0.40759833814403346,1.2566370614359172,0.0,0.0
25.945945945945947,0.0,-0.9278890199325521,0.3728564961062195,1.2566370614359172,0.0,0.0
25.975975975975977,0.0,-0.9412954988621866,0.33758374342048286,1.2566370614359172,0.0,0.0
26.006006006006007,0.0,-0.9533616664162471,0.30183030498615543,1.2566370614359172,0.0,0.0
26.036036036036037,0.0,-0.9640703415695911,0.2656470901513724,1.2566370614359172,0.0,0.0
26.066066066066067,0.0,-0.973406276231536,0.22908562022321172,1.2566370614359172,0.0,0.0
26.096096096096097,0.0,-0.9813561769576283,0.19219795510646598,1.2566370614359172,0.0,0.0
26.126126126126128,0.0,-0.9879087238781874,0.1550366191755045,1.2566370614359172,0.0,0.0
26.156156156156158,0.0,-0.9930545868166776,0.11765452648477648,1.2566370614359172,0.0,0.0
26.186186186186188,0.0,-0.9967864385749531,0.08010490542444965,1.2566370614359172,0.0,0.0
26.216216216216218,0.0,-0.9990989653664619,0.042441222928463695,1.2566370614359172,0.0,0.0
26.246246246246248,0.0,-0.9999888743825498,0.004717108342923437,1.2566370614359172,0.0,0.0
26.276276276276278,0.0,-0.9994548984810931,-0.033013722936768186,1.2566370614359172,0.0,0.0
26.306306306306308,0.0,-0.9974977979907833,-0.07069754595130251,1.2566370614359172,0.0,0.0
26.336336336336338,0.0,-0.9941203596284947,-0.10828070267647455,1.2566370614359172,0.0,0.0
26.366366366366368,0.0,-0.9893273925312753,-0.1457096784268856,1.2566370614359172,0.0,0.0
26.396396396396398,0.0,-0.9831257214086145,-0.18293117805554454,1.2566370614359172,0.0,0.0
26.426426426426428,0.0,-0.9755241768247335,-0.219892201840867,1.2566370614359172,0.0,0.0
26.456456456456458,0.0,-0.9665335826247363,-0.25654012095301953,1.2566370614359172,0.0,0.0
26.486486486486488,0.0,-0.9561667405225317,-0.29282275239215116,1.2566370614359172,0.0,0.0
26.516516516516518,0.0,-0.9444384118724607,-0.3286884332918053,1.2566370614359172,0.0,0.0
26.546546546546548,0.0,-0.9313652966505939,-0.3640860944817158,1.2566370614359172,0.0,0.0
26.576576576576578,0.0,-0.9169660096756223,-0.398965333205236,1.2566370614359172,0.0,0.0
26.606606606606608,0.0,-0.9012610541032026,-0.4332764848878628,1.2566370614359172,0.0,0.0
26.636636636636638,0.0,-0.8842727922315,-0.4669706938546621,1.2566370614359172,0.0,0.0
26.666666666666668,0.0,-0.866025413659493,-0.4999999828959016,1.2566370614359172,0.0,0.0
26.696696696696698,0.0,-0.8465449008433857,-0.5323173215818361,1.2566370614359172,0.0,0.0
26.726726726726728,0.0,-0.8258589921001693,-0.5638766932293704,1.2566370614359172,0.0,0.0
26.756756756756758,0.0,-0.8039971421110103,-0.594633160425253,1.2566370614359172,0.0,0.0
26.786786786786788,0.0,-0.7809904799807088,-0.6245429290124898,1.2566370614359172,0.0,0.0
26.816816816816818,0.0,-0.7568717649129408,-0.6535634104488772,1.2566370614359172,0.0,0.0
26.846846846846848,0.0,-0.7316753395644053,-0.6816532824488631,1.2566370614359172,0.0,0.0
26.876876876876878,0.0,-0.7054370811442885,-0.7087725478223772,1.2566370614359172,0.0,0.0
26.906906906906908,0.0,-0.678194350328678,-0.7348825914268622,1.2566370614359172,0.0,0.0
26.936936936936938,0.0,-0.6499859380626681,-0.7599462351514031,1.2566370614359172,0.0,0.0
26.966966966966968,0.0,-0.6208520103259039,-0.7839277908546696,1.2566370614359172,0.0,0.0
26.996996996996998,0.0,-0.5908340509402108,-0.8067931111812864,1.2566370614359172,0.0,0.0
27.027027027027028,0.0,-0.5599748025007522,-0.8285096381842783,1.2566370614359172,0.0,0.0
27.057057057057058,0.0,-0.5283182055148125,-0.8490464496843553,1.2566370614359172,0.0,0.0
27.087087087087088,0.0,-0.49590933583487756,-0.8683743033000287,1.2566370614359172,0.0,0.0
27.117117117117118,0.0,-0.4627943404750939,-0.8864656780858593,1.2566370614359172,0.0,0.0
27.147147147147148,0.0,-0.4290203719024986,-0.9032948137195524,1.2566370614359172,0.0,0.0
27.177177177177178,0.0,-0.39463552089658765,-0.9188377471821007,1.2566370614359172,0.0,0.0
27.207207207207208,0.0,-0.35968874807281737,-0.9330723468787444,1.2566370614359172,0.0,0.0
27.237237237237238,0.0,-0.32422981416754754,-0.9459783441521671,1.2566370614359172,0.0,0.0
27.26726726726727,0.0,-0.2883092091836905,-0.9575373621430517,1.2566370614359172,0.0,0.0
27.2972972972973,0.0,-0.2519780804979577,-0.9677329419569035,1.2566370614359172,0.0,0.0
27.32732732732733,0.0,-0.21528816003207196,-0.9765505660998838,1.2566370614359172,0.0,0.0
27.35735735735736,0.0,-0.17829169059164393,-0.9839776791502803,1.2566370614359172,0.0,0.0
27.38738738738739,0.0,-0.14104135147760208,-0.9900037056361808,1.2566370614359172,0.0,0.0
27.41741741741742,0.0,-0.10359018347609573,-0.9946200650938966,1.2566370614359172,0.0,0.0
27.44744744744745,0.0,-0.06599151333367968,-0.9978201842856902,1.2566370614359172,0.0,0.0
27.47747747747748,0.0,-0.02829887782531913,-0.9995995065594148,1.2566370614359172,0.0,0.0
27.50750750750751,0.0,0.009434052476664791,-0.9999554983367336,1.2566370614359172,0.0,0.0
27.53753753753754,0.0,0.04715354962416373,-0.9988876527206848,1.2566370614359172,0.0,0.0
27.56756756756757,0.0,0.08480590479654818,-0.9963974902174513,1.2566370614359172,0.0,0.0
27.5975975975976,0.0,0.12233750477669797,-0.9924885565713129,1.2566370614359172,0.0,0.0
27.62762762762763,0.0,0.15969490829090294,-0.9871664177158567,1.2566370614359172,0.0,0.0
27.65765765765766,0.0,0.19682492210393296,-0.9804386518486395,1.2566370614359172,0.0,0.0
27.68768768768769,0.0,0.23367467676092613,-0.9723148386405885,1.2566370614359172,0.0,0.0
27.71771771771772,0.0,0.2701917018682456,-0.9628065455954994,1.2566370614359172,0.0,0.0
27.74774774774775,0.0,0.30632400080611294,-0.9519273115790587,1.2566370614359172,0.0,0.0
27.77777777777778,0.0,0.3420201247666345,-0.9396926275408429,1.2566370614359172,0.0,0.0
27.80780780780781,0.0,0.37722924601179836,-0.9261199144567444,1.2566370614359172,0.0,0.0
27.83783783783784,0.0,0.41190123024712816,-0.9112284985232296,1.2566370614359172,0.0,0.0
27.86786786786787,0.0,0.4459867080079444,-0.8950395836387537,1.2566370614359172,0.0,0.0
27.8978978978979,0.0,0.47943714495658146,-0.8775762212115134,1.2566370614359172,0.0,0.0
27.92792792792793,0.0,0.5122049109904688,-0.8588632773365288,1.2566370614359172,0.0,0.0
27.95795795795796,0.0,0.5442433480626693,-0.8389273973887926,1.2566370614359172,0.0,0.0
27.98798798798799,0.0,0.5755068366183088,-0.8177969680829003,1.2566370614359172,0.0,0.0
28.01801801801802,0.0,0.6059508605522933,-0.7955020770531852,1.2566370614359172,0.0,0.0
28.04804804804805,0.0,0.6355320705958273,-0.7720744700119138,1.2566370614359172,0.0,0.0
28.07807807807808,0.0,0.6642083460414677,-0.7475475055465405,1.2566370614359172,0.0,0.0
28.10810810810811,0.0,0.6919388547188328,-0.7219561076203921,1.2566370614359172,0.0,0.0
28.13813813813814,0.0,0.7186841111355609,-0.6953367158444075,1.2566370614359172,0.0,0.0
28.16816816816817,0.0,0.744406032700732,-0.6677272335907485,1.2566370614359172,0.0,0.0
28.1981981981982,0.0,0.7690679939506979,-0.6391669740221616,1.2566370614359172,0.0,0.0
28.22822822822823,0.0,0.7926348787001087,-0.6096966041139322,1.2566370614359172,0.0,0.0
28.25825825825826,0.0,0.8150731300438755,-0.5793580867481507,1.2566370614359172,0.0,0.0
28.28828828828829,0.0,0.836350798138871,-0.5481946209627299,1.2566370614359172,0.0,0.0
28.31831831831832,0.0,0.8564375856973392,-0.516250580440265,1.2566370614359172,0.0,0.0
28.34834834834835,0.0,0.875304891127223,-0.48357145032431154,1.2566370614359172,0.0,0.0
28.37837837837838,0.0,0.892925849257994,-0.4502037624530564,1.2566370614359172,0.0,0.0
28.40840840840841,0.0,0.9092753695939901,-0.41619502910259576,1.2566370614359172,0.0,0.0
28.43843843843844,0.0,0.9243301720407903,-0.3815936753341707,1.2566370614359172,0.0,0.0
28.46846846846847,0.0,0.9380688200537595,-0.34644897004168557,1.2566370614359172,0.0,0.0
28.4984984984985,0.0,0.9504717511615596,-0.31081095579769263,1.2566370614359172,0.0,0.0
28.52852852852853,0.0,0.9615213048211689,-0.2747303775977344,1.2566370614359172,0.0,0.0
28.55855855855856,0.0,0.9712017475647413,-0.23825861060450687,1.2566370614359172,0.0,0.0
28.58858858858859,0.0,0.9794992954025037,-0.20144758699472476,1.2566370614359172,0.0,0.0
28.61861861861862,0.0,0.9864021334497887,-0.16434972201285775,1.2566370614359172,0.0,0.0
28.64864864864865,0.0,0.9919004327502597,-0.12701783933702243,1.2566370614359172,0.0,0.0
28.67867867867868,0.0,0.9959863642713682,-0.08950509586330818,1.2566370614359172,0.0,0.0
28.70870870870871,0.0,0.9986541100521183,-0.051864906015630985,1.2566370614359172,0.0,0.0
28.73873873873874,0.0,0.9998998714872674,-0.014150865688896008,1.2566370614359172,0.0,0.0
28.76876876876877,0.0,0.9997218747361618,0.023583324066238587,1.2566370614359172,0.0,0.0
28.7987987987988,0.0,0.9981203732485107,0.06128393350832756,1.2566370614359172,0.0,0.0
28.82882882882883,0.0,0.9950976474034983,0.09889728071096004,1.2566370614359172,0.0,0.0
28.85885885885886,0.0,0.9906580012627506,0.1363698080004937,1.2566370614359172,0.0,0.0
28.88888888888889,0.0,0.9848077564417785,0.17364815821686724,1.2566370614359172,0.0,0.0
28.91891891891892,0.0,0.9775552431086251,0.21067925068890136,1.2566370614359172,0.0,0.0
28.94894894894895,0.0,0.9689107881225316,0.24741035681590656,1.2566370614359172,0.0,0.0
28.97897897897898,0.0,0.9588867003295175,0.28378917514797786,1.2566370614359172,0.0,0.0
29.00900900900901,0.0,0.9474972530358027,0.319763905858069,1.2566370614359172,0.0,0.0
29.03903903903904,0.0,0.9347586636840366,0.355283324499806,1.2566370614359172,0.0,0.0
29.06906906906907,0.0,0.9206890707612697,0.39029685494601424,1.2566370614359172,0.0,0.0
29.0990990990991,0.0,0.9053085079715486,0.42475464140410446,1.2566370614359172,0.0,0.0
29.12912912912913,0.0,0.8886388757099077,0.45860761940577477,1.2566370614359172,0.0,0.0
29.15915915915916,0.0,0.8707039098783824,0.4918075856699431,1.2566370614359172,0.0,0.0
29.18918918918919,0.0,0.8515291480884386,0.5243072667394367,1.2566370614359172,0.0,0.0
29.21921921921922,0.0,0.8311418932979485,0.5560603862937032,1.2566370614359172,0.0,0.0
29.24924924924925,0.0,0.809571174934489,0.5870217310416982,1.2566370614359172,0.0,0.0
29.27927927927928,0.0,0.7868477075603166,0.6171472151011259,1.2566370614359172,0.0,0.0
29.30930930930931,0.0,0.7630038471378798,0.6463939427723585,1.2566370614359172,0.0,0.0
29.33933933933934,0.0,0.7380735449581395,0.6747202696176582,1.2566370614359172,0.0,0.0
29.36936936936937,0.0,0.7120922992972991,0.7020858617587205,1.2566370614359172,0.0,0.0
29.3993993993994,0.0,0.6850971048707839,0.728451753308117,1.2566370614359172,0.0,0.0
29.42942942942943,0.0,0.6571264001564354,0.7537804018528497,1.2566370614359172,0.0,0.0
29.45945945945946,0.0,0.6282200126619348,0.7780357419110242,1.2566370614359172,0.0,0.0
29.48948948948949,0.0,0.5984191022143848,0.8011832362855138,1.2566370614359172,0.0,0.0
29.51951951951952,0.0,0.5677661023528002,0.8231899252415019,1.2566370614359172,0.0,0.0
29.54954954954955,0.0,0.5363046599069594,0.8440244734378742,1.2566370614359172,0.0,0.0
29.57957957957958,0.0,0.5040795728486506,0.8636572145456338,1.2566370614359172,0.0,0.0
29.60960960960961,0.0,0.47113672650380456,0.8820601934898096,1.2566370614359172,0.0,0.0
29.63963963963964,0.0,0.43752302821634653,0.8992072062547094,1.2566370614359172,0.0,0.0
29.66966966966967,0.0,0.4032863405567912,0.9150738371958372,1.2566370614359172,0.0,0.0
29.6996996996997,0.0,0.36847541317069377,0.9296374938053479,1.2566370614359172,0.0,0.0
29.72972972972973,0.0,0.33313981336399173,0.9428774388815371,1.2566370614359172,0.0,0.0
29.75975975975976,0.0,0.2973298555240811,0.9547748200565571,1.2566370614359172,0.0,0.0
29.78978978978979,0.0,0.26109652947712125,0.9653126966403192,1.2566370614359172,0.0,0.0
29.81981981981982,0.0,0.22449142788358317,0.9744760637423534,1.2566370614359172,0.0,0.0
29.84984984984985,0.0,0.1875666727754208,0.9822518736372864,1.2566370614359172,0.0,0.0
29.87987987987988,0.0,0.15037484133947032,0.9886290543435039,1.2566370614359172,0.0,0.0
29.90990990990991,0.0,0.112968891052754,0.9935985253885559,1.2566370614359172,0.0,0.0
29.93993993993994,0.0,0.07540208427628814,0.9971532107388483,1.2566370614359172,0.0,0.0
29.96996996996997,0.0,0.037727912414767,0.9992880488752109,1.2566370614359172,0.0,0.0
30.0,0.0,2.024376874271948e-08,1.0000000000000007,0.0,0.0,0.0
